{
    "aabb": [
        [
            -0.5,
            -0.5,
            -0.5
        ],
        [
            0.5,
            0.5,
            0.5
        ]
    ],
    "scale": 0.015625,
    "offset": [
        -0.4921875,
        -0.4921875,
        -0.4921875
    ],
    "frames": [
        {
            "file_path": "000.png",
            "camera_angle_x": 0.6981317007977318,
            "transform_matrix": [
                [
                    0.6107829213142395,
                    0.6405155062675476,
                    0.46549341082572937,
                    0.9309868216514587
                ],
                [
                    0.7917980551719666,
                    -0.49408549070358276,
                    -0.3590756356716156,
                    -0.7181513905525208
                ],
                [
                    2.8396783591233543e-08,
                    0.5878940224647522,
                    -0.8089379072189331,
                    -1.6178758144378662
                ],
                [
                    0,
                    0,
                    0,
                    1
                ]
            ]
        },
        {
            "file_path": "001.png",
            "camera_angle_x": 0.6981317007977318,
            "transform_matrix": [
                [
                    -0.6107829809188843,
                    -0.42936939001083374,
                    -0.6652714610099792,
                    -1.3305429220199585
                ],
                [
                    -0.7917980551719666,
                    0.33121007680892944,
                    0.5131819844245911,
                    1.0263639688491821
                ],
                [
                    -1.5289169041921014e-08,
                    0.8402034640312195,
                    -0.5422713756561279,
                    -1.0845425128936768
                ],
                [
                    0,
                    0,
                    0,
                    1
                ]
            ]
        },
        {
            "file_path": "002.png",
            "camera_angle_x": 0.6981317007977318,
            "transform_matrix": [
                [
                    -0.7917981743812561,
                    0.16833457350730896,
                    0.5871281623840332,
                    1.1742560863494873
                ],
                [
                    0.6107831001281738,
                    0.21822288632392883,
                    0.7611326575279236,
                    1.5222651958465576
                ],
                [
                    9.533085432167354e-08,
                    0.9612712264060974,
                    -0.2756044864654541,
                    -0.5512091517448425
                ],
                [
                    0,
                    0,
                    0,
                    1
                ]
            ]
        },
        {
            "file_path": "003.png",
            "camera_angle_x": 0.6981317007977318,
            "transform_matrix": [
                [
                    0.7917979955673218,
                    -0.00545914052054286,
                    -0.6107586622238159,
                    -1.2215172052383423
                ],
                [
                    -0.610783040523529,
                    -0.0070771146565675735,
                    -0.7917664051055908,
                    -1.5835328102111816
                ],
                [
                    -2.3509066693350178e-08,
                    0.9999600648880005,
                    -0.008938003331422806,
                    -0.01787581294775009
                ],
                [
                    0,
                    0,
                    0,
                    1
                ]
            ]
        },
        {
            "file_path": "004.png",
            "camera_angle_x": 0.6981317007977318,
            "transform_matrix": [
                [
                    -0.12799698114395142,
                    -0.0852029100060463,
                    0.9881079196929932,
                    1.9762158393859863
                ],
                [
                    0.9917745590209961,
                    -0.010996188037097454,
                    0.1275237500667572,
                    0.2550475597381592
                ],
                [
                    1.0854002141513774e-08,
                    0.9963029623031616,
                    0.08590953797101974,
                    0.17181918025016785
                ],
                [
                    0,
                    0,
                    0,
                    1
                ]
            ]
        },
        {
            "file_path": "005.png",
            "camera_angle_x": 0.6981317007977318,
            "transform_matrix": [
                [
                    0.12799695134162903,
                    0.1733607053756714,
                    -0.97650545835495,
                    -1.9530107975006104
                ],
                [
                    -0.9917745590209961,
                    0.022373585030436516,
                    -0.12602636218070984,
                    -0.25205275416374207
                ],
                [
                    -7.272752355902412e-08,
                    0.9846042394638062,
                    0.17479847371578217,
                    0.34959694743156433
                ],
                [
                    0,
                    0,
                    0,
                    1
                ]
            ]
        },
        {
            "file_path": "006.png",
            "camera_angle_x": 0.6981317007977318,
            "transform_matrix": [
                [
                    -0.9917746782302856,
                    0.03375118598341942,
                    -0.12346696108579636,
                    -0.24693390727043152
                ],
                [
                    -0.1279970109462738,
                    -0.2615185081958771,
                    0.9566739201545715,
                    1.9133477210998535
                ],
                [
                    -9.481230023311582e-09,
                    0.9646082520484924,
                    0.2636873126029968,
                    0.5273747444152832
                ],
                [
                    0,
                    0,
                    0,
                    1
                ]
            ]
        },
        {
            "file_path": "007.png",
            "camera_angle_x": 0.6981317007977318,
            "transform_matrix": [
                [
                    0.9917745590209961,
                    -0.045128725469112396,
                    0.11977745592594147,
                    0.23955485224723816
                ],
                [
                    0.127997025847435,
                    0.34967607259750366,
                    -0.9280860424041748,
                    -1.856171727180481
                ],
                [
                    8.073755886073286e-09,
                    0.9357832670211792,
                    0.3525761663913727,
                    0.7051525115966797
                ],
                [
                    0,
                    0,
                    0,
                    1
                ]
            ]
        },
        {
            "file_path": "008.png",
            "camera_angle_x": 0.6981317007977318,
            "transform_matrix": [
                [
                    0.2612817585468292,
                    -0.4261298179626465,
                    0.8661092519760132,
                    1.7322185039520264
                ],
                [
                    0.9652625918388367,
                    0.11534673720598221,
                    -0.23444253206253052,
                    -0.4688851833343506
                ],
                [
                    3.643771151473629e-08,
                    0.8972784280776978,
                    0.4414651393890381,
                    0.8829302787780762
                ],
                [
                    0,
                    0,
                    0,
                    1
                ]
            ]
        },
        {
            "file_path": "009.png",
            "camera_angle_x": 0.6981317007977318,
            "transform_matrix": [
                [
                    -0.26128196716308594,
                    0.5119308233261108,
                    -0.8183267116546631,
                    -1.6366533041000366
                ],
                [
                    -0.9652625322341919,
                    -0.1385718584060669,
                    0.2215086966753006,
                    0.4430171549320221
                ],
                [
                    8.510084370527693e-08,
                    0.8477762937545776,
                    0.5303539633750916,
                    1.0607080459594727
                ],
                [
                    0,
                    0,
                    0,
                    1
                ]
            ]
        },
        {
            "file_path": "010.png",
            "camera_angle_x": 0.6981317007977318,
            "transform_matrix": [
                [
                    -0.9652625918388367,
                    -0.1617969572544098,
                    0.20515838265419006,
                    0.4103167951107025
                ],
                [
                    0.2612818777561188,
                    -0.5977320671081543,
                    0.7579236626625061,
                    1.5158473253250122
                ],
                [
                    3.288973537962647e-10,
                    0.7851994633674622,
                    0.6192429065704346,
                    1.2384858131408691
                ],
                [
                    0,
                    0,
                    0,
                    1
                ]
            ]
        },
        {
            "file_path": "011.png",
            "camera_angle_x": 0.6981317007977318,
            "transform_matrix": [
                [
                    0.9652625322341919,
                    0.1850220263004303,
                    -0.1844860017299652,
                    -0.36897197365760803
                ],
                [
                    -0.26128190755844116,
                    0.6835330724716187,
                    -0.6815528273582458,
                    -1.3631056547164917
                ],
                [
                    -3.0775422210638226e-09,
                    0.7060802578926086,
                    0.7081317901611328,
                    1.4162635803222656
                ],
                [
                    0,
                    0,
                    0,
                    1
                ]
            ]
        },
        {
            "file_path": "012.png",
            "camera_angle_x": 0.6981317007977318,
            "transform_matrix": [
                [
                    -0.49778956174850464,
                    -0.6912543177604675,
                    0.5238062739372253,
                    1.0476125478744507
                ],
                [
                    0.8672978281974792,
                    -0.3967486023902893,
                    0.3006409704685211,
                    0.6012819409370422
                ],
                [
                    3.462285746991256e-08,
                    0.6039519906044006,
                    0.797020673751831,
                    1.594041347503662
                ],
                [
                    0,
                    0,
                    0,
                    1
                ]
            ]
        },
        {
            "file_path": "013.png",
            "camera_angle_x": 0.6981317007977318,
            "transform_matrix": [
                [
                    0.4977894127368927,
                    0.7683475017547607,
                    -0.4023030996322632,
                    -0.804606020450592
                ],
                [
                    -0.8672979474067688,
                    0.440996378660202,
                    -0.23090365529060364,
                    -0.4618072509765625
                ],
                [
                    -3.051302499557096e-08,
                    0.463858038187027,
                    0.8859095573425293,
                    1.7718191146850586
                ],
                [
                    0,
                    0,
                    0,
                    1
                ]
            ]
        },
        {
            "file_path": "014.png",
            "camera_angle_x": 0.6981317007977318,
            "transform_matrix": [
                [
                    -0.867297887802124,
                    0.485244482755661,
                    -0.11105049401521683,
                    -0.22210100293159485
                ],
                [
                    -0.49778953194618225,
                    -0.8454406261444092,
                    0.19348306953907013,
                    0.3869662284851074
                ],
                [
                    -1.3878687532553613e-08,
                    0.22308722138404846,
                    0.9747985005378723,
                    1.9495970010757446
                ],
                [
                    0,
                    0,
                    0,
                    1
                ]
            ]
        }
    ]
}