{
    "aabb": [
        [
            -0.5,
            -0.5,
            -0.5
        ],
        [
            0.5,
            0.5,
            0.5
        ]
    ],
    "scale": 0.015625,
    "offset": [
        -0.4921875,
        -0.4921875,
        -0.5
    ],
    "frames": [
        {
            "file_path": "000.png",
            "camera_angle_x": 0.6981317007977318,
            "transform_matrix": [
                [
                    0.7194391489028931,
                    -0.5249727964401245,
                    -0.4547646641731262,
                    -0.9095292687416077
                ],
                [
                    -0.6945554614067078,
                    -0.5437809824943542,
                    -0.47105735540390015,
                    -0.9421147704124451
                ],
                [
                    -4.6359339478385664e-08,
                    0.6547563672065735,
                    -0.7558400630950928,
                    -1.5116798877716064
                ],
                [
                    0,
                    0,
                    0,
                    1
                ]
            ]
        },
        {
            "file_path": "001.png",
            "camera_angle_x": 0.6981317007977318,
            "transform_matrix": [
                [
                    -0.7194392085075378,
                    0.3397579491138458,
                    0.6057819128036499,
                    1.2115639448165894
                ],
                [
                    0.694555401802063,
                    0.3519304394721985,
                    0.6274852752685547,
                    1.2549704313278198
                ],
                [
                    5.4485624900735274e-09,
                    0.8721866011619568,
                    -0.4891732931137085,
                    -0.978346586227417
                ],
                [
                    0,
                    0,
                    0,
                    1
                ]
            ]
        },
        {
            "file_path": "002.png",
            "camera_angle_x": 0.6981317007977318,
            "transform_matrix": [
                [
                    0.6945555210113525,
                    0.1600799411535263,
                    0.7014036178588867,
                    1.402807354927063
                ],
                [
                    0.7194391489028931,
                    -0.15454316139221191,
                    -0.6771438121795654,
                    -1.3542876243591309
                ],
                [
                    -8.404555273955339e-09,
                    0.9749311804771423,
                    -0.222506582736969,
                    -0.44501325488090515
                ],
                [
                    0,
                    0,
                    0,
                    1
                ]
            ]
        },
        {
            "file_path": "003.png",
            "camera_angle_x": 0.6981317007977318,
            "transform_matrix": [
                [
                    -0.6945554614067078,
                    0.010590125806629658,
                    -0.7193611860275269,
                    -1.4387223720550537
                ],
                [
                    -0.7194391489028931,
                    -0.010223864577710629,
                    0.6944802403450012,
                    1.3889604806900024
                ],
                [
                    -2.0885604357090415e-08,
                    0.9998916387557983,
                    0.014719998463988304,
                    0.029440024867653847
                ],
                [
                    0,
                    0,
                    0,
                    1
                ]
            ]
        },
        {
            "file_path": "004.png",
            "camera_angle_x": 0.6981317007977318,
            "transform_matrix": [
                [
                    0.9998452067375183,
                    -0.001823041820898652,
                    0.01750071719288826,
                    0.03500143438577652
                ],
                [
                    0.017595414072275162,
                    0.10359279811382294,
                    -0.9944641590118408,
                    -1.9889283180236816
                ],
                [
                    7.21447235285666e-10,
                    0.9946181774139404,
                    0.10360883921384811,
                    0.20721779763698578
                ],
                [
                    0,
                    0,
                    0,
                    1
                ]
            ]
        },
        {
            "file_path": "005.png",
            "camera_angle_x": 0.6981317007977318,
            "transform_matrix": [
                [
                    -0.999845564365387,
                    0.0033870802726596594,
                    -0.01726633682847023,
                    -0.03453266620635986
                ],
                [
                    -0.01759541779756546,
                    -0.1924682855606079,
                    0.9811456799507141,
                    1.9622910022735596
                ],
                [
                    1.391208814816025e-10,
                    0.9812976121902466,
                    0.19249768555164337,
                    0.38499557971954346
                ],
                [
                    0,
                    0,
                    0,
                    1
                ]
            ]
        },
        {
            "file_path": "006.png",
            "camera_angle_x": 0.6981317007977318,
            "transform_matrix": [
                [
                    -0.01759542152285576,
                    -0.2813430726528168,
                    0.9594458341598511,
                    1.9188917875289917
                ],
                [
                    0.9998450875282288,
                    -0.004951153416186571,
                    0.016884520649909973,
                    0.033768922090530396
                ],
                [
                    1.016027226796723e-07,
                    0.9595943689346313,
                    0.28138673305511475,
                    0.5627733469009399
                ],
                [
                    0,
                    0,
                    0,
                    1
                ]
            ]
        },
        {
            "file_path": "007.png",
            "camera_angle_x": 0.6981317007977318,
            "transform_matrix": [
                [
                    0.017595216631889343,
                    0.3702182173728943,
                    -0.9287782311439514,
                    -1.8575563430786133
                ],
                [
                    -0.9998452663421631,
                    0.00651496322825551,
                    -0.01634468324482441,
                    -0.03268953040242195
                ],
                [
                    -7.03894684761508e-08,
                    0.9289220571517944,
                    0.37027546763420105,
                    0.7405511140823364
                ],
                [
                    0,
                    0,
                    0,
                    1
                ]
            ]
        },
        {
            "file_path": "008.png",
            "camera_angle_x": 0.6981317007977318,
            "transform_matrix": [
                [
                    0.9304699897766113,
                    0.16822320222854614,
                    -0.32546359300613403,
                    -0.6509272456169128
                ],
                [
                    -0.3663681149482727,
                    0.42723873257637024,
                    -0.8265841603279114,
                    -1.6531684398651123
                ],
                [
                    1.1471918526240188e-08,
                    0.8883512616157532,
                    0.45916444063186646,
                    0.9183289408683777
                ],
                [
                    0,
                    0,
                    0,
                    1
                ]
            ]
        },
        {
            "file_path": "009.png",
            "camera_angle_x": 0.6981317007977318,
            "transform_matrix": [
                [
                    -0.9304700493812561,
                    -0.20078928768634796,
                    0.30644625425338745,
                    0.6128924489021301
                ],
                [
                    0.3663681745529175,
                    -0.5099472403526306,
                    0.7782855033874512,
                    1.5565708875656128
                ],
                [
                    1.3200696535875522e-08,
                    0.8364434242248535,
                    0.5480533242225647,
                    1.0961066484451294
                ],
                [
                    0,
                    0,
                    0,
                    1
                ]
            ]
        },
        {
            "file_path": "010.png",
            "camera_angle_x": 0.6981317007977318,
            "transform_matrix": [
                [
                    0.3663680851459503,
                    -0.5926556587219238,
                    0.7173101305961609,
                    1.4346200227737427
                ],
                [
                    0.9304700493812561,
                    0.23335526883602142,
                    -0.2824374735355377,
                    -0.5648748874664307
                ],
                [
                    -3.8632208543276647e-10,
                    0.7709116339683533,
                    0.6369422078132629,
                    1.2738844156265259
                ],
                [
                    0,
                    0,
                    0,
                    1
                ]
            ]
        },
        {
            "file_path": "011.png",
            "camera_angle_x": 0.6981317007977318,
            "transform_matrix": [
                [
                    -0.3663681149482727,
                    0.6753639578819275,
                    -0.6400450468063354,
                    -1.2800902128219604
                ],
                [
                    -0.930469810962677,
                    -0.26592138409614563,
                    0.25201472640037537,
                    0.5040294528007507
                ],
                [
                    -4.955235866077601e-08,
                    0.6878728270530701,
                    0.725831151008606,
                    1.451662302017212
                ],
                [
                    0,
                    0,
                    0,
                    1
                ]
            ]
        },
        {
            "file_path": "012.png",
            "camera_angle_x": 0.6981317007977318,
            "transform_matrix": [
                [
                    0.9170030355453491,
                    -0.3249756991863251,
                    0.2312925159931183,
                    0.4625850319862366
                ],
                [
                    0.3988802433013916,
                    0.7471007108688354,
                    -0.5317283868789673,
                    -1.0634567737579346
                ],
                [
                    1.9644746274138924e-08,
                    0.5798545479774475,
                    0.8147199749946594,
                    1.6294400691986084
                ],
                [
                    0,
                    0,
                    0,
                    1
                ]
            ]
        },
        {
            "file_path": "013.png",
            "camera_angle_x": 0.6981317007977318,
            "transform_matrix": [
                [
                    -0.9170031547546387,
                    0.3604317605495453,
                    -0.17086371779441833,
                    -0.34172743558883667
                ],
                [
                    -0.398880273103714,
                    -0.828612208366394,
                    0.39280596375465393,
                    0.7856119871139526
                ],
                [
                    -7.457279238565206e-09,
                    0.42835843563079834,
                    0.9036089181900024,
                    1.8072178363800049
                ],
                [
                    0,
                    0,
                    0,
                    1
                ]
            ]
        },
        {
            "file_path": "014.png",
            "camera_angle_x": 0.6981317007977318,
            "transform_matrix": [
                [
                    -0.39888036251068115,
                    -0.9101235270500183,
                    0.11211510747671127,
                    0.2242303043603897
                ],
                [
                    0.9170030355453491,
                    -0.3958878815174103,
                    0.04876816272735596,
                    0.09753625094890594
                ],
                [
                    -4.2215823725655355e-08,
                    0.12226255238056183,
                    0.9924978017807007,
                    1.9849956035614014
                ],
                [
                    0,
                    0,
                    0,
                    1
                ]
            ]
        }
    ]
}