{
    "aabb": [
        [
            -0.5,
            -0.5,
            -0.5
        ],
        [
            0.5,
            0.5,
            0.5
        ]
    ],
    "scale": 0.015625,
    "offset": [
        -0.4921875,
        -0.4921875,
        -0.484375
    ],
    "frames": [
        {
            "file_path": "000.png",
            "camera_angle_x": 0.6981317007977318,
            "transform_matrix": [
                [
                    0.2727932333946228,
                    0.7600119113922119,
                    0.5898861885070801,
                    1.1797723770141602
                ],
                [
                    0.9620726704597473,
                    -0.2154993861913681,
                    -0.16726072132587433,
                    -0.3345213532447815
                ],
                [
                    -1.2852606090518748e-08,
                    0.6131410002708435,
                    -0.7899734973907471,
                    -1.5799471139907837
                ],
                [
                    0,
                    0,
                    0,
                    1
                ]
            ]
        },
        {
            "file_path": "001.png",
            "camera_angle_x": 0.6981317007977318,
            "transform_matrix": [
                [
                    -0.27279314398765564,
                    -0.5034592747688293,
                    -0.8198248147964478,
                    -1.639649510383606
                ],
                [
                    -0.9620727300643921,
                    0.1427544802427292,
                    0.23245912790298462,
                    0.464918315410614
                ],
                [
                    -3.163163597719176e-08,
                    0.8521443009376526,
                    -0.5233069062232971,
                    -1.0466136932373047
                ],
                [
                    0,
                    0,
                    0,
                    1
                ]
            ]
        },
        {
            "file_path": "002.png",
            "camera_angle_x": 0.6981317007977318,
            "transform_matrix": [
                [
                    -0.9620726704597473,
                    0.07000967115163803,
                    0.2636565566062927,
                    0.5273130536079407
                ],
                [
                    0.2727932035923004,
                    0.24690647423267365,
                    0.9298500418663025,
                    1.8596999645233154
                ],
                [
                    -1.2508451163739664e-08,
                    0.9665070176124573,
                    -0.25664013624191284,
                    -0.5132803916931152
                ],
                [
                    0,
                    0,
                    0,
                    1
                ]
            ]
        },
        {
            "file_path": "003.png",
            "camera_angle_x": 0.6981317007977318,
            "transform_matrix": [
                [
                    0.9620726704597473,
                    0.0009116930305026472,
                    -0.27279168367385864,
                    -0.5455833077430725
                ],
                [
                    -0.2727932035923004,
                    0.0032152647618204355,
                    -0.9620674252510071,
                    -1.924134612083435
                ],
                [
                    1.8474604956963958e-08,
                    0.9999945163726807,
                    0.003342017764225602,
                    0.0066843111999332905
                ],
                [
                    0,
                    0,
                    0,
                    1
                ]
            ]
        },
        {
            "file_path": "004.png",
            "camera_angle_x": 0.6981317007977318,
            "transform_matrix": [
                [
                    -0.4873942732810974,
                    -0.08053448051214218,
                    0.8694603443145752,
                    1.7389204502105713
                ],
                [
                    0.8731821775436401,
                    -0.044952962547540665,
                    0.4853167235851288,
                    0.9706335067749023
                ],
                [
                    1.636592372733503e-08,
                    0.9957377314567566,
                    0.09223096072673798,
                    0.18446208536624908
                ],
                [
                    0,
                    0,
                    0,
                    1
                ]
            ]
        },
        {
            "file_path": "005.png",
            "camera_angle_x": 0.6981317007977318,
            "transform_matrix": [
                [
                    0.48739421367645264,
                    0.15815068781375885,
                    -0.858740508556366,
                    -1.717481017112732
                ],
                [
                    -0.8731820583343506,
                    0.08827680349349976,
                    -0.47933322191238403,
                    -0.9586664438247681
                ],
                [
                    2.2513546582558774e-09,
                    0.9834610223770142,
                    0.18111993372440338,
                    0.36223986744880676
                ],
                [
                    0,
                    0,
                    0,
                    1
                ]
            ]
        },
        {
            "file_path": "006.png",
            "camera_angle_x": 0.6981317007977318,
            "transform_matrix": [
                [
                    -0.8731821179389954,
                    0.13160070776939392,
                    -0.4692913889884949,
                    -0.9385826587677002
                ],
                [
                    -0.487394243478775,
                    -0.23576684296131134,
                    0.8407502174377441,
                    1.6815003156661987
                ],
                [
                    -3.201392928531277e-09,
                    0.9628579020500183,
                    0.27000874280929565,
                    0.5400176644325256
                ],
                [
                    0,
                    0,
                    0,
                    1
                ]
            ]
        },
        {
            "file_path": "007.png",
            "camera_angle_x": 0.6981317007977318,
            "transform_matrix": [
                [
                    0.8731820583343506,
                    -0.17492464184761047,
                    0.45492255687713623,
                    0.9098449945449829
                ],
                [
                    0.487394243478775,
                    0.3133828938007355,
                    -0.8150080442428589,
                    -1.6300158500671387
                ],
                [
                    1.460170651057524e-08,
                    0.9333769679069519,
                    0.3588975667953491,
                    0.7177954316139221
                ],
                [
                    0,
                    0,
                    0,
                    1
                ]
            ]
        },
        {
            "file_path": "008.png",
            "camera_angle_x": 0.6981317007977318,
            "transform_matrix": [
                [
                    -0.11614136397838593,
                    -0.44475629925727844,
                    0.888089656829834,
                    1.7761790752410889
                ],
                [
                    0.993232786655426,
                    -0.0520065613090992,
                    0.10384663194417953,
                    0.2076931595802307
                ],
                [
                    -3.9567353837810515e-08,
                    0.8941405415534973,
                    0.44778650999069214,
                    0.8955731987953186
                ],
                [
                    0,
                    0,
                    0,
                    1
                ]
            ]
        },
        {
            "file_path": "009.png",
            "camera_angle_x": 0.6981317007977318,
            "transform_matrix": [
                [
                    0.1161411702632904,
                    0.533043622970581,
                    -0.8380786180496216,
                    -1.6761571168899536
                ],
                [
                    -0.9932327270507812,
                    0.06233007460832596,
                    -0.09799865633249283,
                    -0.19599732756614685
                ],
                [
                    -3.897238798344915e-08,
                    0.8437888026237488,
                    0.5366754531860352,
                    1.0733510255813599
                ],
                [
                    0,
                    0,
                    0,
                    1
                ]
            ]
        },
        {
            "file_path": "010.png",
            "camera_angle_x": 0.6981317007977318,
            "transform_matrix": [
                [
                    -0.9932326674461365,
                    0.07265383005142212,
                    -0.09061019867658615,
                    -0.1812204122543335
                ],
                [
                    -0.11614123731851578,
                    -0.6213310360908508,
                    0.7748928666114807,
                    1.5497857332229614
                ],
                [
                    1.4853409613380109e-09,
                    0.7801725268363953,
                    0.625564455986023,
                    1.2511287927627563
                ],
                [
                    0,
                    0,
                    0,
                    1
                ]
            ]
        },
        {
            "file_path": "011.png",
            "camera_angle_x": 0.6981317007977318,
            "transform_matrix": [
                [
                    0.9932327270507812,
                    -0.08297749608755112,
                    0.08126207441091537,
                    0.16252413392066956
                ],
                [
                    0.11614124476909637,
                    0.709618330001831,
                    -0.6949482560157776,
                    -1.3898963928222656
                ],
                [
                    5.117503310003713e-09,
                    0.6996831893920898,
                    0.7144532799720764,
                    1.4289065599441528
                ],
                [
                    0,
                    0,
                    0,
                    1
                ]
            ]
        },
        {
            "file_path": "012.png",
            "camera_angle_x": 0.6981317007977318,
            "transform_matrix": [
                [
                    -0.7844459414482117,
                    -0.4982307553291321,
                    0.3693385720252991,
                    0.7386770248413086
                ],
                [
                    0.6201974749565125,
                    -0.6301784515380859,
                    0.4671514630317688,
                    0.934302806854248
                ],
                [
                    -3.96948216518922e-08,
                    0.5955178141593933,
                    0.8033421039581299,
                    1.6066843271255493
                ],
                [
                    0,
                    0,
                    0,
                    1
                ]
            ]
        },
        {
            "file_path": "013.png",
            "camera_angle_x": 0.6981317007977318,
            "transform_matrix": [
                [
                    0.7844458818435669,
                    0.55335932970047,
                    -0.28006818890571594,
                    -0.5601364374160767
                ],
                [
                    -0.6201972961425781,
                    0.6999069452285767,
                    -0.35423940420150757,
                    -0.7084788084030151
                ],
                [
                    1.5141900178150536e-08,
                    0.45157915353775024,
                    0.8922310471534729,
                    1.7844620943069458
                ],
                [
                    0,
                    0,
                    0,
                    1
                ]
            ]
        },
        {
            "file_path": "014.png",
            "camera_angle_x": 0.6981317007977318,
            "transform_matrix": [
                [
                    -0.620197594165802,
                    0.7696356773376465,
                    -0.15171213448047638,
                    -0.3034241199493408
                ],
                [
                    -0.7844460606575012,
                    -0.6084882020950317,
                    0.1199464499950409,
                    0.23989270627498627
                ],
                [
                    5.769173228031832e-08,
                    0.19340041279792786,
                    0.9811199307441711,
                    1.9622398614883423
                ],
                [
                    0,
                    0,
                    0,
                    1
                ]
            ]
        }
    ]
}