{
    "aabb": [
        [
            -0.5,
            -0.5,
            -0.5
        ],
        [
            0.5,
            0.5,
            0.5
        ]
    ],
    "scale": 0.015625,
    "offset": [
        -0.4921875,
        -0.484375,
        -0.4921875
    ],
    "frames": [
        {
            "file_path": "000.png",
            "camera_angle_x": 0.6981317007977318,
            "transform_matrix": [
                [
                    0.9910264611244202,
                    -0.11913548409938812,
                    -0.06060810014605522,
                    -0.12121620774269104
                ],
                [
                    -0.1336660236120224,
                    -0.8832942247390747,
                    -0.4493604898452759,
                    -0.8987210392951965
                ],
                [
                    -3.628705336211624e-09,
                    0.45342937111854553,
                    -0.8912922739982605,
                    -1.7825844287872314
                ],
                [
                    0,
                    0,
                    0,
                    1
                ]
            ]
        },
        {
            "file_path": "001.png",
            "camera_angle_x": 0.6981317007977318,
            "transform_matrix": [
                [
                    -0.9910265207290649,
                    0.08349120616912842,
                    0.10438306629657745,
                    0.2087661176919937
                ],
                [
                    0.1336660236120224,
                    0.6190203428268433,
                    0.7739168405532837,
                    1.5478334426879883
                ],
                [
                    6.210708836107415e-09,
                    0.7809244990348816,
                    -0.6246255040168762,
                    -1.2492510080337524
                ],
                [
                    0,
                    0,
                    0,
                    1
                ]
            ]
        },
        {
            "file_path": "002.png",
            "camera_angle_x": 0.6981317007977318,
            "transform_matrix": [
                [
                    0.13366608321666718,
                    0.3547467589378357,
                    0.9253583550453186,
                    1.8507168292999268
                ],
                [
                    0.9910264015197754,
                    -0.04784700646996498,
                    -0.12480895966291428,
                    -0.24961791932582855
                ],
                [
                    8.622532021718143e-08,
                    0.9337372779846191,
                    -0.3579588830471039,
                    -0.715917706489563
                ],
                [
                    0,
                    0,
                    0,
                    1
                ]
            ]
        },
        {
            "file_path": "003.png",
            "camera_angle_x": 0.6981317007977318,
            "transform_matrix": [
                [
                    -0.13366611301898956,
                    -0.09047288447618484,
                    -0.9868881702423096,
                    -1.97377610206604
                ],
                [
                    -0.9910265207290649,
                    0.012202450074255466,
                    0.13310787081718445,
                    0.2662157118320465
                ],
                [
                    -1.1467421501265562e-07,
                    0.9958242177963257,
                    -0.09129216521978378,
                    -0.18258439004421234
                ],
                [
                    0,
                    0,
                    0,
                    1
                ]
            ]
        },
        {
            "file_path": "004.png",
            "camera_angle_x": 0.6981317007977318,
            "transform_matrix": [
                [
                    0.7952776551246643,
                    -0.035439953207969666,
                    0.6052085757255554,
                    1.2104171514511108
                ],
                [
                    0.6062453389167786,
                    0.046490319073200226,
                    -0.7939177751541138,
                    -1.5878353118896484
                ],
                [
                    9.641603071486315e-09,
                    0.998289942741394,
                    0.05845800042152405,
                    0.11691631376743317
                ],
                [
                    0,
                    0,
                    0,
                    1
                ]
            ]
        },
        {
            "file_path": "005.png",
            "camera_angle_x": 0.6981317007977318,
            "transform_matrix": [
                [
                    -0.7952776551246643,
                    0.08932844549417496,
                    -0.5996281504631042,
                    -1.199256181716919
                ],
                [
                    -0.6062453985214233,
                    -0.11718180775642395,
                    0.7865970730781555,
                    1.573194146156311
                ],
                [
                    -4.869622927117234e-09,
                    0.9890848398208618,
                    0.14734701812267303,
                    0.29469409584999084
                ],
                [
                    0,
                    0,
                    0,
                    1
                ]
            ]
        },
        {
            "file_path": "006.png",
            "camera_angle_x": 0.6981317007977318,
            "transform_matrix": [
                [
                    -0.6062453985214233,
                    -0.18787318468093872,
                    0.772767961025238,
                    1.5455358028411865
                ],
                [
                    0.7952777147293091,
                    -0.14321701228618622,
                    0.5890860557556152,
                    1.178171992301941
                ],
                [
                    1.651034153837827e-08,
                    0.9716957807540894,
                    0.23623591661453247,
                    0.47247186303138733
                ],
                [
                    0,
                    0,
                    0,
                    1
                ]
            ]
        },
        {
            "file_path": "007.png",
            "camera_angle_x": 0.6981317007977318,
            "transform_matrix": [
                [
                    0.6062453389167786,
                    0.25856447219848633,
                    -0.7520712018013,
                    -1.504142165184021
                ],
                [
                    -0.7952777147293091,
                    0.1971053034067154,
                    -0.5733088254928589,
                    -1.1466174125671387
                ],
                [
                    1.488441370156579e-08,
                    0.9456712603569031,
                    0.32512468099594116,
                    0.6502496600151062
                ],
                [
                    0,
                    0,
                    0,
                    1
                ]
            ]
        },
        {
            "file_path": "008.png",
            "camera_angle_x": 0.6981317007977318,
            "transform_matrix": [
                [
                    0.9667407870292664,
                    -0.10588736087083817,
                    0.23280908167362213,
                    0.46561816334724426
                ],
                [
                    0.2557581067085266,
                    0.4002440571784973,
                    -0.8799957633018494,
                    -1.7599915266036987
                ],
                [
                    -3.269822457241389e-08,
                    0.910270631313324,
                    0.4140138030052185,
                    0.8280274271965027
                ],
                [
                    0,
                    0,
                    0,
                    1
                ]
            ]
        },
        {
            "file_path": "009.png",
            "camera_angle_x": 0.6981317007977318,
            "transform_matrix": [
                [
                    -0.9667407870292664,
                    0.1286214292049408,
                    -0.22106271982192993,
                    -0.44212546944618225
                ],
                [
                    -0.2557580769062042,
                    -0.4861765503883362,
                    0.8355956673622131,
                    1.6711914539337158
                ],
                [
                    -1.7467759183542597e-10,
                    0.864342987537384,
                    0.5029026865959167,
                    1.005805253982544
                ],
                [
                    0,
                    0,
                    0,
                    1
                ]
            ]
        },
        {
            "file_path": "010.png",
            "camera_angle_x": 0.6981317007977318,
            "transform_matrix": [
                [
                    -0.2557581961154938,
                    -0.5721089839935303,
                    0.7792811989784241,
                    1.5585622787475586
                ],
                [
                    0.9667408466339111,
                    -0.15135562419891357,
                    0.20616430044174194,
                    0.4123286306858063
                ],
                [
                    8.843049670304026e-08,
                    0.8060911297798157,
                    0.5917914509773254,
                    1.1835830211639404
                ],
                [
                    0,
                    0,
                    0,
                    1
                ]
            ]
        },
        {
            "file_path": "011.png",
            "camera_angle_x": 0.6981317007977318,
            "transform_matrix": [
                [
                    0.25575801730155945,
                    0.6580415368080139,
                    -0.7082154750823975,
                    -1.416430950164795
                ],
                [
                    -0.9667407870292664,
                    0.1740894913673401,
                    -0.18736332654953003,
                    -0.374726802110672
                ],
                [
                    -7.455902562014671e-09,
                    0.7325804829597473,
                    0.6806803941726685,
                    1.361360788345337
                ],
                [
                    0,
                    0,
                    0,
                    1
                ]
            ]
        },
        {
            "file_path": "012.png",
            "camera_angle_x": 0.6981317007977318,
            "transform_matrix": [
                [
                    0.5027406811714172,
                    -0.6652444005012512,
                    0.5519979596138,
                    1.1039959192276
                ],
                [
                    0.8644372820854187,
                    0.38689377903938293,
                    -0.321031779050827,
                    -0.642063558101654
                ],
                [
                    8.183603128486538e-09,
                    0.638563334941864,
                    0.7695692777633667,
                    1.5391385555267334
                ],
                [
                    0,
                    0,
                    0,
                    1
                ]
            ]
        },
        {
            "file_path": "013.png",
            "camera_angle_x": 0.6981317007977318,
            "transform_matrix": [
                [
                    -0.5027410387992859,
                    0.7420834302902222,
                    -0.4433557987213135,
                    -0.8867114186286926
                ],
                [
                    -0.864437460899353,
                    -0.43158212304115295,
                    0.25784754753112793,
                    0.5156949162483215
                ],
                [
                    4.525591634774173e-08,
                    0.512883722782135,
                    0.8584581017494202,
                    1.7169163227081299
                ],
                [
                    0,
                    0,
                    0,
                    1
                ]
            ]
        },
        {
            "file_path": "014.png",
            "camera_angle_x": 0.6981317007977318,
            "transform_matrix": [
                [
                    -0.8644373416900635,
                    -0.47626993060112,
                    0.1609819233417511,
                    0.3219638466835022
                ],
                [
                    0.502740740776062,
                    -0.8189221620559692,
                    0.2768003046512604,
                    0.553600549697876
                ],
                [
                    -6.106523287030541e-09,
                    0.32020866870880127,
                    0.9473470449447632,
                    1.8946940898895264
                ],
                [
                    0,
                    0,
                    0,
                    1
                ]
            ]
        }
    ]
}