{
    "aabb": [
        [
            -0.5,
            -0.5,
            -0.5
        ],
        [
            0.5,
            0.5,
            0.5
        ]
    ],
    "scale": 0.015625,
    "offset": [
        -0.4921875,
        -0.4921875,
        -0.4921875
    ],
    "frames": [
        {
            "file_path": "000.png",
            "camera_angle_x": 0.6981317007977318,
            "transform_matrix": [
                [
                    0.5612356066703796,
                    0.7955895662307739,
                    0.22814860939979553,
                    0.45629703998565674
                ],
                [
                    0.827656090259552,
                    -0.5394912362098694,
                    -0.15470817685127258,
                    -0.30941617488861084
                ],
                [
                    -3.7904758443119135e-08,
                    0.2756563127040863,
                    -0.961256206035614,
                    -1.9225125312805176
                ],
                [
                    0,
                    0,
                    0,
                    1
                ]
            ]
        },
        {
            "file_path": "001.png",
            "camera_angle_x": 0.6981317007977318,
            "transform_matrix": [
                [
                    -0.5612357258796692,
                    -0.5748812556266785,
                    -0.5954208374023438,
                    -1.190841794013977
                ],
                [
                    -0.8276559710502625,
                    0.38982856273651123,
                    0.40375640988349915,
                    0.8075128197669983
                ],
                [
                    2.950076094521137e-08,
                    0.7194061279296875,
                    -0.6945896744728088,
                    -1.3891792297363281
                ],
                [
                    0,
                    0,
                    0,
                    1
                ]
            ]
        },
        {
            "file_path": "002.png",
            "camera_angle_x": 0.6981317007977318,
            "transform_matrix": [
                [
                    -0.8276559710502625,
                    0.24016563594341278,
                    0.5072533488273621,
                    1.0145066976547241
                ],
                [
                    0.5612357258796692,
                    0.35417306423187256,
                    0.7480480670928955,
                    1.4960962533950806
                ],
                [
                    -1.709029540108986e-08,
                    0.9038151502609253,
                    -0.42792293429374695,
                    -0.8558459281921387
                ],
                [
                    0,
                    0,
                    0,
                    1
                ]
            ]
        },
        {
            "file_path": "003.png",
            "camera_angle_x": 0.6981317007977318,
            "transform_matrix": [
                [
                    0.8276560306549072,
                    -0.09050282835960388,
                    -0.5538905262947083,
                    -1.1077810525894165
                ],
                [
                    -0.5612356662750244,
                    -0.13346487283706665,
                    -0.8168241381645203,
                    -1.6336482763290405
                ],
                [
                    -2.0428533531458015e-08,
                    0.9869125485420227,
                    -0.16125643253326416,
                    -0.32251259684562683
                ],
                [
                    0,
                    0,
                    0,
                    1
                ]
            ]
        },
        {
            "file_path": "004.png",
            "camera_angle_x": 0.6981317007977318,
            "transform_matrix": [
                [
                    -0.18838772177696228,
                    -0.034507572650909424,
                    0.9814883470535278,
                    1.9629765748977661
                ],
                [
                    0.9820948243141174,
                    -0.006619386840611696,
                    0.18827134370803833,
                    0.37654268741607666
                ],
                [
                    1.523005721537629e-08,
                    0.9993825554847717,
                    0.03513665869832039,
                    0.07027357816696167
                ],
                [
                    0,
                    0,
                    0,
                    1
                ]
            ]
        },
        {
            "file_path": "005.png",
            "camera_angle_x": 0.6981317007977318,
            "transform_matrix": [
                [
                    0.18838761746883392,
                    0.12180490791797638,
                    -0.9745120406150818,
                    -1.949023962020874
                ],
                [
                    -0.9820947647094727,
                    0.02336493879556656,
                    -0.18693310022354126,
                    -0.3738662600517273
                ],
                [
                    6.746153502490415e-08,
                    0.992279052734375,
                    0.1240256130695343,
                    0.24805136024951935
                ],
                [
                    0,
                    0,
                    0,
                    1
                ]
            ]
        },
        {
            "file_path": "006.png",
            "camera_angle_x": 0.6981317007977318,
            "transform_matrix": [
                [
                    -0.9820952415466309,
                    0.04011049121618271,
                    -0.18406812846660614,
                    -0.3681361973285675
                ],
                [
                    -0.1883877068758011,
                    -0.20910272002220154,
                    0.9595763087272644,
                    1.9191522598266602
                ],
                [
                    -2.0638758257973677e-08,
                    0.9770710468292236,
                    0.21291451156139374,
                    0.425829142332077
                ],
                [
                    0,
                    0,
                    0,
                    1
                ]
            ]
        },
        {
            "file_path": "007.png",
            "camera_angle_x": 0.6981317007977318,
            "transform_matrix": [
                [
                    0.9820947647094727,
                    -0.05685604363679886,
                    0.17960317432880402,
                    0.3592063784599304
                ],
                [
                    0.1883876621723175,
                    0.29639965295791626,
                    -0.9362998604774475,
                    -1.8725996017456055
                ],
                [
                    -2.258117604014842e-08,
                    0.953370213508606,
                    0.30180349946022034,
                    0.6036069393157959
                ],
                [
                    0,
                    0,
                    0,
                    1
                ]
            ]
        },
        {
            "file_path": "008.png",
            "camera_angle_x": 0.6981317007977318,
            "transform_matrix": [
                [
                    0.20178373157978058,
                    -0.38265594840049744,
                    0.9015862941741943,
                    1.8031724691390991
                ],
                [
                    0.9794301390647888,
                    0.07883527874946594,
                    -0.18574631214141846,
                    -0.3714927136898041
                ],
                [
                    6.358389015304056e-08,
                    0.9205213189125061,
                    0.3906923830509186,
                    0.7813847064971924
                ],
                [
                    0,
                    0,
                    0,
                    1
                ]
            ]
        },
        {
            "file_path": "009.png",
            "camera_angle_x": 0.6981317007977318,
            "transform_matrix": [
                [
                    -0.20178399980068207,
                    0.469716340303421,
                    -0.8594474792480469,
                    -1.7188948392868042
                ],
                [
                    -0.9794301390647888,
                    -0.09677191078662872,
                    0.17706485092639923,
                    0.35412970185279846
                ],
                [
                    -5.356660892630316e-08,
                    0.8774975538253784,
                    0.47958120703697205,
                    0.9591624736785889
                ],
                [
                    0,
                    0,
                    0,
                    1
                ]
            ]
        },
        {
            "file_path": "010.png",
            "camera_angle_x": 0.6981317007977318,
            "transform_matrix": [
                [
                    -0.9794301390647888,
                    -0.11470811069011688,
                    0.1660083830356598,
                    0.3320167660713196
                ],
                [
                    0.20178388059139252,
                    -0.5567768216133118,
                    0.8057809472084045,
                    1.611561894416809
                ],
                [
                    -1.6452048612336512e-09,
                    0.8227038979530334,
                    0.5684701204299927,
                    1.1369402408599854
                ],
                [
                    0,
                    0,
                    0,
                    1
                ]
            ]
        },
        {
            "file_path": "011.png",
            "camera_angle_x": 0.6981317007977318,
            "transform_matrix": [
                [
                    0.979430079460144,
                    0.1326444298028946,
                    -0.15205979347229004,
                    -0.3041195869445801
                ],
                [
                    -0.20178385078907013,
                    0.6438371539115906,
                    -0.7380765676498413,
                    -1.476153016090393
                ],
                [
                    1.1524235787874204e-08,
                    0.7535775899887085,
                    0.6573590040206909,
                    1.3147180080413818
                ],
                [
                    0,
                    0,
                    0,
                    1
                ]
            ]
        },
        {
            "file_path": "012.png",
            "camera_angle_x": 0.6981317007977318,
            "transform_matrix": [
                [
                    -0.5498789548873901,
                    -0.6232993602752686,
                    0.5559955835342407,
                    1.1119911670684814
                ],
                [
                    0.8352444171905518,
                    -0.41034600138664246,
                    0.36603689193725586,
                    0.7320737242698669
                ],
                [
                    3.642355750343995e-09,
                    0.6656681895256042,
                    0.7462478876113892,
                    1.4924957752227783
                ],
                [
                    0,
                    0,
                    0,
                    1
                ]
            ]
        },
        {
            "file_path": "013.png",
            "camera_angle_x": 0.6981317007977318,
            "transform_matrix": [
                [
                    0.5498788952827454,
                    0.6975433230400085,
                    -0.45941975712776184,
                    -0.9188395142555237
                ],
                [
                    -0.8352444171905518,
                    0.45922407507896423,
                    -0.30245670676231384,
                    -0.6049132943153381
                ],
                [
                    -3.103311030372424e-08,
                    0.5500423312187195,
                    0.8351367712020874,
                    1.6702735424041748
                ],
                [
                    0,
                    0,
                    0,
                    1
                ]
            ]
        },
        {
            "file_path": "014.png",
            "camera_angle_x": 0.6981317007977318,
            "transform_matrix": [
                [
                    -0.8352444767951965,
                    0.508102297782898,
                    -0.21023544669151306,
                    -0.42047086358070374
                ],
                [
                    -0.5498790144920349,
                    -0.7717873454093933,
                    0.3193393647670746,
                    0.6386786699295044
                ],
                [
                    3.561925510098263e-08,
                    0.3823304772377014,
                    0.9240256547927856,
                    1.8480513095855713
                ],
                [
                    0,
                    0,
                    0,
                    1
                ]
            ]
        }
    ]
}