{
    "aabb": [
        [
            -0.5,
            -0.5,
            -0.5
        ],
        [
            0.5,
            0.5,
            0.5
        ]
    ],
    "scale": 0.015625,
    "offset": [
        -0.4921875,
        -0.4921875,
        -0.4921875
    ],
    "frames": [
        {
            "file_path": "000.png",
            "camera_angle_x": 0.6981317007977318,
            "transform_matrix": [
                [
                    -0.9604582190513611,
                    -0.22327820956707,
                    -0.1663336306810379,
                    -0.3326672911643982
                ],
                [
                    -0.2784242033958435,
                    0.7702253460884094,
                    0.5737881660461426,
                    1.1475764513015747
                ],
                [
                    -1.4584760066327362e-09,
                    0.5974108576774597,
                    -0.8019353747367859,
                    -1.6038706302642822
                ],
                [
                    0,
                    0,
                    0,
                    1
                ]
            ]
        },
        {
            "file_path": "001.png",
            "camera_angle_x": 0.6981317007977318,
            "transform_matrix": [
                [
                    0.9604582190513611,
                    0.14903172850608826,
                    0.23517990112304688,
                    0.470359742641449
                ],
                [
                    0.2784242033958435,
                    -0.5141031742095947,
                    -0.8112817406654358,
                    -1.622563362121582
                ],
                [
                    -1.1404108768431342e-08,
                    0.844681978225708,
                    -0.5352686643600464,
                    -1.0705372095108032
                ],
                [
                    0,
                    0,
                    0,
                    1
                ]
            ]
        },
        {
            "file_path": "002.png",
            "camera_angle_x": 0.6981317007977318,
            "transform_matrix": [
                [
                    0.27842414379119873,
                    -0.25798100233078003,
                    -0.9251626133918762,
                    -1.850325107574463
                ],
                [
                    -0.9604582786560059,
                    -0.07478537410497665,
                    -0.26819244027137756,
                    -0.5363848805427551
                ],
                [
                    -3.5269202669496735e-08,
                    0.9632512927055359,
                    -0.26860204339027405,
                    -0.5372039079666138
                ],
                [
                    0,
                    0,
                    0,
                    1
                ]
            ]
        },
        {
            "file_path": "003.png",
            "camera_angle_x": 0.6981317007977318,
            "transform_matrix": [
                [
                    -0.27842435240745544,
                    0.0018586795777082443,
                    0.9604565501213074,
                    1.9209128618240356
                ],
                [
                    0.9604583382606506,
                    0.0005385539843700826,
                    0.2784236967563629,
                    0.556847333908081
                ],
                [
                    9.796965372288469e-08,
                    0.9999982714653015,
                    -0.0019353232346475124,
                    -0.003870573127642274
                ],
                [
                    0,
                    0,
                    0,
                    1
                ]
            ]
        },
        {
            "file_path": "004.png",
            "camera_angle_x": 0.6981317007977318,
            "transform_matrix": [
                [
                    -0.48227086663246155,
                    0.07730349153280258,
                    -0.8726047277450562,
                    -1.7452094554901123
                ],
                [
                    -0.8760221600532532,
                    -0.04255735129117966,
                    0.48038947582244873,
                    0.9607790112495422
                ],
                [
                    4.1620495494498755e-08,
                    0.9960989356040955,
                    0.08824373036623001,
                    0.17648757994174957
                ],
                [
                    0,
                    0,
                    0,
                    1
                ]
            ]
        },
        {
            "file_path": "005.png",
            "camera_angle_x": 0.6981317007977318,
            "transform_matrix": [
                [
                    0.48227083683013916,
                    -0.15517210960388184,
                    0.862169623374939,
                    1.7243391275405884
                ],
                [
                    0.876022219657898,
                    0.0854257196187973,
                    -0.4746447801589966,
                    -0.9492894411087036
                ],
                [
                    1.2215444655794272e-07,
                    0.9841870665550232,
                    0.1771325170993805,
                    0.35426536202430725
                ],
                [
                    0,
                    0,
                    0,
                    1
                ]
            ]
        },
        {
            "file_path": "006.png",
            "camera_angle_x": 0.6981317007977318,
            "transform_matrix": [
                [
                    0.8760221004486084,
                    0.12829439342021942,
                    -0.4648933410644531,
                    -0.9297865033149719
                ],
                [
                    -0.4822709560394287,
                    0.23304054141044617,
                    -0.8444566130638123,
                    -1.6889129877090454
                ],
                [
                    -6.398959584430486e-09,
                    0.9639672636985779,
                    0.2660213112831116,
                    0.5320431590080261
                ],
                [
                    0,
                    0,
                    0,
                    1
                ]
            ]
        },
        {
            "file_path": "007.png",
            "camera_angle_x": 0.6981317007977318,
            "transform_matrix": [
                [
                    -0.8760221600532532,
                    -0.17116296291351318,
                    0.4508751928806305,
                    0.901750385761261
                ],
                [
                    0.48227086663246155,
                    -0.3109094202518463,
                    0.818993330001831,
                    1.6379867792129517
                ],
                [
                    2.2481174255517544e-08,
                    0.9349002838134766,
                    0.3549104630947113,
                    0.7098209261894226
                ],
                [
                    0,
                    0,
                    0,
                    1
                ]
            ]
        },
        {
            "file_path": "008.png",
            "camera_angle_x": 0.6981317007977318,
            "transform_matrix": [
                [
                    -0.7807993292808533,
                    0.27727776765823364,
                    -0.5598832964897156,
                    -1.1197667121887207
                ],
                [
                    -0.6247817873954773,
                    -0.34651830792427063,
                    0.6996946930885315,
                    1.3993895053863525
                ],
                [
                    -3.221298783273596e-08,
                    0.8961261510848999,
                    0.4437994360923767,
                    0.8875986933708191
                ],
                [
                    0,
                    0,
                    0,
                    1
                ]
            ]
        },
        {
            "file_path": "009.png",
            "camera_angle_x": 0.6981317007977318,
            "transform_matrix": [
                [
                    0.7807993292808533,
                    -0.33281394839286804,
                    0.5287601351737976,
                    1.0575201511383057
                ],
                [
                    0.6247818470001221,
                    0.415922611951828,
                    -0.660799503326416,
                    -1.321599006652832
                ],
                [
                    7.94795340652854e-09,
                    0.8463115692138672,
                    0.5326882600784302,
                    1.0653765201568604
                ],
                [
                    0,
                    0,
                    0,
                    1
                ]
            ]
        },
        {
            "file_path": "010.png",
            "camera_angle_x": 0.6981317007977318,
            "transform_matrix": [
                [
                    0.6247819066047668,
                    0.4853270351886749,
                    -0.6116414666175842,
                    -1.2232829332351685
                ],
                [
                    -0.7807993292808533,
                    0.3883501887321472,
                    -0.48942479491233826,
                    -0.9788494110107422
                ],
                [
                    4.123085517448999e-08,
                    0.7833529710769653,
                    0.6215771436691284,
                    1.2431542873382568
                ],
                [
                    0,
                    0,
                    0,
                    1
                ]
            ]
        },
        {
            "file_path": "011.png",
            "camera_angle_x": 0.6981317007977318,
            "transform_matrix": [
                [
                    -0.6247819662094116,
                    -0.5547314286231995,
                    0.5494730472564697,
                    1.098946213722229
                ],
                [
                    0.7807993292808533,
                    -0.443886399269104,
                    0.43967869877815247,
                    0.8793573379516602
                ],
                [
                    2.1652695636475983e-08,
                    0.7037314772605896,
                    0.7104660868644714,
                    1.4209320545196533
                ],
                [
                    0,
                    0,
                    0,
                    1
                ]
            ]
        },
        {
            "file_path": "012.png",
            "camera_angle_x": 0.6981317007977318,
            "transform_matrix": [
                [
                    -0.11032131314277649,
                    0.7944757342338562,
                    -0.597191572189331,
                    -1.1943830251693726
                ],
                [
                    -0.9938961267471313,
                    -0.08818593621253967,
                    0.06628745794296265,
                    0.13257481157779694
                ],
                [
                    -5.096072897003978e-08,
                    0.6008592247962952,
                    0.7993549108505249,
                    1.5987098217010498
                ],
                [
                    0,
                    0,
                    0,
                    1
                ]
            ]
        },
        {
            "file_path": "013.png",
            "camera_angle_x": 0.6981317007977318,
            "transform_matrix": [
                [
                    0.11032098531723022,
                    -0.8828219771385193,
                    0.4565683901309967,
                    0.9131367206573486
                ],
                [
                    0.9938960671424866,
                    0.09799190610647202,
                    -0.05067846179008484,
                    -0.1013568714261055
                ],
                [
                    3.7389725093817106e-08,
                    0.4593724012374878,
                    0.8882437944412231,
                    1.7764875888824463
                ],
                [
                    0,
                    0,
                    0,
                    1
                ]
            ]
        },
        {
            "file_path": "014.png",
            "camera_angle_x": 0.6981317007977318,
            "transform_matrix": [
                [
                    0.9938960075378418,
                    0.10779830813407898,
                    -0.023457618430256844,
                    -0.04691522940993309
                ],
                [
                    -0.1103210523724556,
                    0.9711682796478271,
                    -0.21133261919021606,
                    -0.42266517877578735
                ],
                [
                    -4.561206967679254e-09,
                    0.2126305103302002,
                    0.9771326780319214,
                    1.9542653560638428
                ],
                [
                    0,
                    0,
                    0,
                    1
                ]
            ]
        }
    ]
}