{
    "aabb": [
        [
            -0.5,
            -0.5,
            -0.5
        ],
        [
            0.5,
            0.5,
            0.5
        ]
    ],
    "scale": 0.015625,
    "offset": [
        -0.4921875,
        -0.4921875,
        -0.4921875
    ],
    "frames": [
        {
            "file_path": "000.png",
            "camera_angle_x": 0.6981317007977318,
            "transform_matrix": [
                [
                    -0.045783743262290955,
                    0.8334094882011414,
                    0.5507565140724182,
                    1.1015127897262573
                ],
                [
                    0.9989514946937561,
                    0.038196418434381485,
                    0.025242112576961517,
                    0.05048421397805214
                ],
                [
                    2.0643113884943887e-08,
                    0.5513346791267395,
                    -0.8342844247817993,
                    -1.66856849193573
                ],
                [
                    0,
                    0,
                    0,
                    1
                ]
            ]
        },
        {
            "file_path": "001.png",
            "camera_angle_x": 0.6981317007977318,
            "transform_matrix": [
                [
                    0.04578365013003349,
                    -0.5670223832130432,
                    -0.8224290013313293,
                    -1.6448580026626587
                ],
                [
                    -0.9989513754844666,
                    -0.02598760463297367,
                    -0.037693317979574203,
                    -0.0753866508603096
                ],
                [
                    -9.498997144419263e-09,
                    0.8232923150062561,
                    -0.5676175951957703,
                    -1.1352351903915405
                ],
                [
                    0,
                    0,
                    0,
                    1
                ]
            ]
        },
        {
            "file_path": "002.png",
            "camera_angle_x": 0.6981317007977318,
            "transform_matrix": [
                [
                    -0.9989516139030457,
                    -0.013778631575405598,
                    -0.04366110637784004,
                    -0.08732220530509949
                ],
                [
                    -0.04578365013003349,
                    0.3006352186203003,
                    0.9526397585868835,
                    1.905279278755188
                ],
                [
                    -8.039523491376599e-10,
                    0.9536397457122803,
                    -0.3009510338306427,
                    -0.6019018292427063
                ],
                [
                    0,
                    0,
                    0,
                    1
                ]
            ]
        },
        {
            "file_path": "003.png",
            "camera_angle_x": 0.6981317007977318,
            "transform_matrix": [
                [
                    0.9989513754844666,
                    0.0015696571208536625,
                    0.045756734907627106,
                    0.09151346981525421
                ],
                [
                    0.04578365013003349,
                    -0.03424829617142677,
                    -0.9983642101287842,
                    -1.9967281818389893
                ],
                [
                    -2.536974186284624e-09,
                    0.9994121789932251,
                    -0.03428424894809723,
                    -0.06856852024793625
                ],
                [
                    0,
                    0,
                    0,
                    1
                ]
            ]
        },
        {
            "file_path": "004.png",
            "camera_angle_x": 0.6981317007977318,
            "transform_matrix": [
                [
                    -0.7387392520904541,
                    -0.052207864820957184,
                    0.6719663143157959,
                    1.3439326286315918
                ],
                [
                    0.6739913821220398,
                    -0.057223327457904816,
                    0.7365195751190186,
                    1.4730392694473267
                ],
                [
                    2.386430253409344e-08,
                    0.9969953894615173,
                    0.07746075093746185,
                    0.15492160618305206
                ],
                [
                    0,
                    0,
                    0,
                    1
                ]
            ]
        },
        {
            "file_path": "005.png",
            "camera_angle_x": 0.6981317007977318,
            "transform_matrix": [
                [
                    0.7387391924858093,
                    0.11211828887462616,
                    -0.6646006107330322,
                    -1.329201102256775
                ],
                [
                    -0.6739914417266846,
                    0.1228889599442482,
                    -0.7284463047981262,
                    -1.456892490386963
                ],
                [
                    -2.312487801248153e-08,
                    0.9860668778419495,
                    0.1663496345281601,
                    0.33269938826560974
                ],
                [
                    0,
                    0,
                    0,
                    1
                ]
            ]
        },
        {
            "file_path": "006.png",
            "camera_angle_x": 0.6981317007977318,
            "transform_matrix": [
                [
                    -0.6739914417266846,
                    0.18855471909046173,
                    -0.714270830154419,
                    -1.4285415410995483
                ],
                [
                    -0.7387392520904541,
                    -0.17202860116958618,
                    0.6516675353050232,
                    1.3033349514007568
                ],
                [
                    -6.1081593116796284e-09,
                    0.9668781161308289,
                    0.25523850321769714,
                    0.5104771852493286
                ],
                [
                    0,
                    0,
                    0,
                    1
                ]
            ]
        },
        {
            "file_path": "007.png",
            "camera_angle_x": 0.6981317007977318,
            "transform_matrix": [
                [
                    0.673991322517395,
                    -0.2542204260826111,
                    0.6936192512512207,
                    1.3872383832931519
                ],
                [
                    0.7387392520904541,
                    0.23193879425525665,
                    -0.6328259706497192,
                    -1.2656519412994385
                ],
                [
                    4.1322124388898374e-08,
                    0.9389230012893677,
                    0.3441273272037506,
                    0.6882549524307251
                ],
                [
                    0,
                    0,
                    0,
                    1
                ]
            ]
        },
        {
            "file_path": "008.png",
            "camera_angle_x": 0.6981317007977318,
            "transform_matrix": [
                [
                    -0.4245806038379669,
                    -0.3920486867427826,
                    0.8161060214042664,
                    1.6322120428085327
                ],
                [
                    0.9053901433944702,
                    -0.18385031819343567,
                    0.3827110826969147,
                    0.7654222846031189
                ],
                [
                    -3.2353071333091066e-09,
                    0.9013860821723938,
                    0.4330163300037384,
                    0.8660327196121216
                ],
                [
                    0,
                    0,
                    0,
                    1
                ]
            ]
        },
        {
            "file_path": "009.png",
            "camera_angle_x": 0.6981317007977318,
            "transform_matrix": [
                [
                    0.42458072304725647,
                    0.4725278615951538,
                    -0.7723008990287781,
                    -1.5446017980575562
                ],
                [
                    -0.9053901433944702,
                    0.22159092128276825,
                    -0.3621688485145569,
                    -0.724337637424469
                ],
                [
                    4.2435388536432583e-08,
                    0.8530035018920898,
                    0.521905243396759,
                    1.043810486793518
                ],
                [
                    0,
                    0,
                    0,
                    1
                ]
            ]
        },
        {
            "file_path": "010.png",
            "camera_angle_x": 0.6981317007977318,
            "transform_matrix": [
                [
                    -0.905390202999115,
                    0.25933149456977844,
                    -0.33617857098579407,
                    -0.6723570823669434
                ],
                [
                    -0.42458081245422363,
                    -0.5530071258544922,
                    0.7168782949447632,
                    1.4337565898895264
                ],
                [
                    -2.15215578691641e-09,
                    0.7917894721031189,
                    0.610794186592102,
                    1.2215882539749146
                ],
                [
                    0,
                    0,
                    0,
                    1
                ]
            ]
        },
        {
            "file_path": "011.png",
            "camera_angle_x": 0.6981317007977318,
            "transform_matrix": [
                [
                    0.9053900837898254,
                    -0.2970719337463379,
                    0.30334311723709106,
                    0.6066862940788269
                ],
                [
                    0.4245806932449341,
                    0.6334860920906067,
                    -0.6468589901924133,
                    -1.2937180995941162
                ],
                [
                    3.1891058682731455e-09,
                    0.714453399181366,
                    0.6996830701828003,
                    1.399366021156311
                ],
                [
                    0,
                    0,
                    0,
                    1
                ]
            ]
        },
        {
            "file_path": "012.png",
            "camera_angle_x": 0.6981317007977318,
            "transform_matrix": [
                [
                    -0.9404314756393433,
                    -0.26810145378112793,
                    0.2090703696012497,
                    0.418140709400177
                ],
                [
                    0.3399835526943207,
                    -0.7415978312492371,
                    0.5783113241195679,
                    1.1566225290298462
                ],
                [
                    2.277561783614601e-08,
                    0.6149426102638245,
                    0.7885718941688538,
                    1.5771437883377075
                ],
                [
                    0,
                    0,
                    0,
                    1
                ]
            ]
        },
        {
            "file_path": "013.png",
            "camera_angle_x": 0.6981317007977318,
            "transform_matrix": [
                [
                    0.9404313564300537,
                    0.29832223057746887,
                    -0.16307257115840912,
                    -0.32614511251449585
                ],
                [
                    -0.3399835526943207,
                    0.8251916170120239,
                    -0.4510764479637146,
                    -0.9021527171134949
                ],
                [
                    -1.4086785071754093e-08,
                    0.4796484112739563,
                    0.877460777759552,
                    1.754921555519104
                ],
                [
                    0,
                    0,
                    0,
                    1
                ]
            ]
        },
        {
            "file_path": "014.png",
            "camera_angle_x": 0.6981317007977318,
            "transform_matrix": [
                [
                    -0.33998340368270874,
                    0.9087855815887451,
                    -0.24190907180309296,
                    -0.483817994594574
                ],
                [
                    -0.9404314160346985,
                    -0.3285428583621979,
                    0.08745455741882324,
                    0.17490926384925842
                ],
                [
                    -6.810948605107114e-08,
                    0.2572319805622101,
                    0.9663496613502502,
                    1.9326993227005005
                ],
                [
                    0,
                    0,
                    0,
                    1
                ]
            ]
        }
    ]
}