{
    "aabb": [
        [
            -0.5,
            -0.5,
            -0.5
        ],
        [
            0.5,
            0.5,
            0.5
        ]
    ],
    "scale": 0.015625,
    "offset": [
        -0.4921875,
        -0.4921875,
        -0.4921875
    ],
    "frames": [
        {
            "file_path": "000.png",
            "camera_angle_x": 0.6981317007977318,
            "transform_matrix": [
                [
                    0.07501488924026489,
                    -0.7928533554077148,
                    -0.6047779321670532,
                    -1.209555745124817
                ],
                [
                    -0.9971824288368225,
                    -0.05964384600520134,
                    -0.04549560323357582,
                    -0.09099113196134567
                ],
                [
                    6.974795496716979e-08,
                    0.6064867377281189,
                    -0.7950935959815979,
                    -1.5901871919631958
                ],
                [
                    0,
                    0,
                    0,
                    1
                ]
            ]
        },
        {
            "file_path": "001.png",
            "camera_angle_x": 0.6981317007977318,
            "transform_matrix": [
                [
                    -0.07501496374607086,
                    0.5269380807876587,
                    0.8465866446495056,
                    1.6931734085083008
                ],
                [
                    0.9971823692321777,
                    0.039639972150325775,
                    0.06368611007928848,
                    0.12737219035625458
                ],
                [
                    -1.5399468367149893e-08,
                    0.8489786982536316,
                    -0.528427004814148,
                    -1.0568538904190063
                ],
                [
                    0,
                    0,
                    0,
                    1
                ]
            ]
        },
        {
            "file_path": "002.png",
            "camera_angle_x": 0.6981317007977318,
            "transform_matrix": [
                [
                    0.9971824288368225,
                    0.019635934382677078,
                    0.07239940017461777,
                    0.14479878544807434
                ],
                [
                    0.07501494884490967,
                    -0.2610229253768921,
                    -0.9624136090278625,
                    -1.9248270988464355
                ],
                [
                    8.418314045854913e-09,
                    0.9651329517364502,
                    -0.2617604732513428,
                    -0.5235205888748169
                ],
                [
                    0,
                    0,
                    0,
                    1
                ]
            ]
        },
        {
            "file_path": "003.png",
            "camera_angle_x": 0.6981317007977318,
            "transform_matrix": [
                [
                    -0.9971824884414673,
                    0.0001226757885888219,
                    -0.07501484453678131,
                    -0.15002968907356262
                ],
                [
                    -0.07501494139432907,
                    -0.001630690647289157,
                    0.9971811175346375,
                    1.9943621158599854
                ],
                [
                    6.159743826117392e-09,
                    0.9999986886978149,
                    0.0016352406237274408,
                    0.0032709208317101
                ],
                [
                    0,
                    0,
                    0,
                    1
                ]
            ]
        },
        {
            "file_path": "004.png",
            "camera_angle_x": 0.6981317007977318,
            "transform_matrix": [
                [
                    0.7581580281257629,
                    0.05902824178338051,
                    -0.6493936777114868,
                    -1.298787236213684
                ],
                [
                    -0.6520708799362183,
                    0.068631611764431,
                    -0.7550452351570129,
                    -1.5100904703140259
                ],
                [
                    -2.406547494615552e-08,
                    0.9958943128585815,
                    0.09052418917417526,
                    0.1810486912727356
                ],
                [
                    0,
                    0,
                    0,
                    1
                ]
            ]
        },
        {
            "file_path": "005.png",
            "camera_angle_x": 0.6981317007977318,
            "transform_matrix": [
                [
                    -0.7581580281257629,
                    -0.11699014902114868,
                    0.6414902806282043,
                    1.2829804420471191
                ],
                [
                    0.6520708799362183,
                    -0.13602349162101746,
                    0.745855987071991,
                    1.491711974143982
                ],
                [
                    -6.550796882720533e-08,
                    0.9837738275527954,
                    0.17941315472126007,
                    0.35882648825645447
                ],
                [
                    0,
                    0,
                    0,
                    1
                ]
            ]
        },
        {
            "file_path": "006.png",
            "camera_angle_x": 0.6981317007977318,
            "transform_matrix": [
                [
                    0.6520707607269287,
                    -0.2034153938293457,
                    0.7303601503372192,
                    1.4607200622558594
                ],
                [
                    0.7581581473350525,
                    0.17495179176330566,
                    -0.6281625628471375,
                    -1.256325125694275
                ],
                [
                    3.878903243048626e-08,
                    0.9633349776268005,
                    0.26830193400382996,
                    0.5366042256355286
                ],
                [
                    0,
                    0,
                    0,
                    1
                ]
            ]
        },
        {
            "file_path": "007.png",
            "camera_angle_x": 0.6981317007977318,
            "transform_matrix": [
                [
                    -0.6520711183547974,
                    0.2708072066307068,
                    -0.7081433534622192,
                    -1.4162867069244385
                ],
                [
                    -0.7581580281257629,
                    -0.23291409015655518,
                    0.6090547442436218,
                    1.2181092500686646
                ],
                [
                    -8.439206311550151e-08,
                    0.9340314269065857,
                    0.3571910262107849,
                    0.7143820524215698
                ],
                [
                    0,
                    0,
                    0,
                    1
                ]
            ]
        },
        {
            "file_path": "008.png",
            "camera_angle_x": 0.6981317007977318,
            "transform_matrix": [
                [
                    0.4509100019931793,
                    0.3981573283672333,
                    -0.7988435626029968,
                    -1.597687005996704
                ],
                [
                    -0.8925694823265076,
                    0.201141819357872,
                    -0.40356144309043884,
                    -0.8071226477622986
                ],
                [
                    -4.3303671759531426e-08,
                    0.8949931859970093,
                    0.44607987999916077,
                    0.8921598196029663
                ],
                [
                    0,
                    0,
                    0,
                    1
                ]
            ]
        },
        {
            "file_path": "009.png",
            "camera_angle_x": 0.6981317007977318,
            "transform_matrix": [
                [
                    -0.4509100615978241,
                    -0.47749683260917664,
                    0.7541067600250244,
                    1.5082135200500488
                ],
                [
                    0.8925694227218628,
                    -0.24122284352779388,
                    0.380961149930954,
                    0.7619222402572632
                ],
                [
                    9.080608265321644e-09,
                    0.8448718190193176,
                    0.5349687933921814,
                    1.0699375867843628
                ],
                [
                    0,
                    0,
                    0,
                    1
                ]
            ]
        },
        {
            "file_path": "010.png",
            "camera_angle_x": 0.6981317007977318,
            "transform_matrix": [
                [
                    0.8925694227218628,
                    -0.2813037037849426,
                    0.3524032533168793,
                    0.7048065066337585
                ],
                [
                    0.4509100019931793,
                    0.5568363666534424,
                    -0.6975768804550171,
                    -1.3951537609100342
                ],
                [
                    1.128176307929607e-08,
                    0.7815379500389099,
                    0.6238577365875244,
                    1.2477153539657593
                ],
                [
                    0,
                    0,
                    0,
                    1
                ]
            ]
        },
        {
            "file_path": "011.png",
            "camera_angle_x": 0.6981317007977318,
            "transform_matrix": [
                [
                    -0.8925694823265076,
                    0.3213845193386078,
                    -0.3162780702114105,
                    -0.6325560212135315
                ],
                [
                    -0.4509100019931793,
                    -0.6361757516860962,
                    0.626067578792572,
                    1.2521350383758545
                ],
                [
                    2.0726620419964092e-09,
                    0.7014217376708984,
                    0.7127465009689331,
                    1.4254931211471558
                ],
                [
                    0,
                    0,
                    0,
                    1
                ]
            ]
        },
        {
            "file_path": "012.png",
            "camera_angle_x": 0.6981317007977318,
            "transform_matrix": [
                [
                    0.9499833583831787,
                    0.25035110116004944,
                    -0.1866973340511322,
                    -0.37339460849761963
                ],
                [
                    -0.312300443649292,
                    0.7615403532981873,
                    -0.5679126381874084,
                    -1.1358251571655273
                ],
                [
                    -8.255710781668313e-09,
                    0.5978131890296936,
                    0.8016354441642761,
                    1.6032708883285522
                ],
                [
                    0,
                    0,
                    0,
                    1
                ]
            ]
        },
        {
            "file_path": "013.png",
            "camera_angle_x": 0.6981317007977318,
            "transform_matrix": [
                [
                    -0.949983537197113,
                    -0.27811112999916077,
                    0.14207656681537628,
                    0.28415313363075256
                ],
                [
                    0.3123004138469696,
                    -0.8459835052490234,
                    0.4321812689304352,
                    0.8643624782562256
                ],
                [
                    -8.578445509499488e-09,
                    0.45493561029434204,
                    0.8905243277549744,
                    1.7810486555099487
                ],
                [
                    0,
                    0,
                    0,
                    1
                ]
            ]
        },
        {
            "file_path": "014.png",
            "camera_angle_x": 0.6981317007977318,
            "transform_matrix": [
                [
                    0.31230035424232483,
                    -0.9304264187812805,
                    0.19176888465881348,
                    0.3835378885269165
                ],
                [
                    0.9499834775924683,
                    0.3058711290359497,
                    -0.06304259598255157,
                    -0.12608540058135986
                ],
                [
                    -9.043338877745555e-08,
                    0.20186547935009003,
                    0.9794132709503174,
                    1.9588264226913452
                ],
                [
                    0,
                    0,
                    0,
                    1
                ]
            ]
        }
    ]
}