{
    "aabb": [
        [
            -0.5,
            -0.5,
            -0.5
        ],
        [
            0.5,
            0.5,
            0.5
        ]
    ],
    "scale": 0.015625,
    "offset": [
        -0.4921875,
        -0.4921875,
        -0.4921875
    ],
    "frames": [
        {
            "file_path": "000.png",
            "camera_angle_x": 0.6981317007977318,
            "transform_matrix": [
                [
                    0.057346172630786896,
                    0.7883987426757812,
                    0.6124858260154724,
                    1.2249715328216553
                ],
                [
                    0.9983543753623962,
                    -0.04528620466589928,
                    -0.03518165647983551,
                    -0.0703633725643158
                ],
                [
                    -3.48516202564042e-08,
                    0.613495409488678,
                    -0.7896983623504639,
                    -1.5793966054916382
                ],
                [
                    0,
                    0,
                    0,
                    1
                ]
            ]
        },
        {
            "file_path": "001.png",
            "camera_angle_x": 0.6981317007977318,
            "transform_matrix": [
                [
                    -0.05734622851014137,
                    -0.522170901298523,
                    -0.8509106636047363,
                    -1.7018213272094727
                ],
                [
                    -0.9983543157577515,
                    0.02999388799071312,
                    0.048876963555812836,
                    0.09775401651859283
                ],
                [
                    -1.493221546411405e-08,
                    0.8523132801055908,
                    -0.5230315923690796,
                    -1.0460633039474487
                ],
                [
                    0,
                    0,
                    0,
                    1
                ]
            ]
        },
        {
            "file_path": "002.png",
            "camera_angle_x": 0.6981317007977318,
            "transform_matrix": [
                [
                    -0.9983543753623962,
                    0.014701586216688156,
                    0.055429793894290924,
                    0.11085956543684006
                ],
                [
                    0.05734630674123764,
                    0.25594303011894226,
                    0.964989423751831,
                    1.9299787282943726
                ],
                [
                    4.774782347283235e-09,
                    0.9665800929069519,
                    -0.25636497139930725,
                    -0.5127300024032593
                ],
                [
                    0,
                    0,
                    0,
                    1
                ]
            ]
        },
        {
            "file_path": "003.png",
            "camera_angle_x": 0.6981317007977318,
            "transform_matrix": [
                [
                    0.9983543753623962,
                    0.00019692604837473482,
                    -0.05734596028923988,
                    -0.11469191312789917
                ],
                [
                    -0.05734629929065704,
                    0.0034281976986676455,
                    -0.9983485341072083,
                    -1.996696949005127
                ],
                [
                    -2.7825091120092793e-09,
                    0.999994158744812,
                    0.003433848964050412,
                    0.006867780815809965
                ],
                [
                    0,
                    0,
                    0,
                    1
                ]
            ]
        },
        {
            "file_path": "004.png",
            "camera_angle_x": 0.6981317007977318,
            "transform_matrix": [
                [
                    -0.6653933525085449,
                    -0.06891826540231705,
                    0.7433050274848938,
                    1.4866098165512085
                ],
                [
                    0.7464931607246399,
                    -0.061430923640728,
                    0.6625514626502991,
                    1.325102686882019
                ],
                [
                    -7.200499396731175e-08,
                    0.9957292675971985,
                    0.09232252836227417,
                    0.18464556336402893
                ],
                [
                    0,
                    0,
                    0,
                    1
                ]
            ]
        },
        {
            "file_path": "005.png",
            "camera_angle_x": 0.6981317007977318,
            "transform_matrix": [
                [
                    0.6653931140899658,
                    0.1352733075618744,
                    -0.7341343760490417,
                    -1.4682685136795044
                ],
                [
                    -0.7464932203292847,
                    0.12057684361934662,
                    -0.6543771028518677,
                    -1.3087539672851562
                ],
                [
                    -1.2450698250177084e-08,
                    0.9834442734718323,
                    0.18121154606342316,
                    0.3624233305454254
                ],
                [
                    0,
                    0,
                    0,
                    1
                ]
            ]
        },
        {
            "file_path": "006.png",
            "camera_angle_x": 0.6981317007977318,
            "transform_matrix": [
                [
                    -0.7464930415153503,
                    0.1797231137752533,
                    -0.6406619548797607,
                    -1.281323790550232
                ],
                [
                    -0.6653931736946106,
                    -0.20162822306156158,
                    0.7187474370002747,
                    1.4374949932098389
                ],
                [
                    -2.2251605003020813e-09,
                    0.9628320932388306,
                    0.2701006233692169,
                    0.5402011275291443
                ],
                [
                    0,
                    0,
                    0,
                    1
                ]
            ]
        },
        {
            "file_path": "007.png",
            "camera_angle_x": 0.6981317007977318,
            "transform_matrix": [
                [
                    0.7464931011199951,
                    -0.2388690859079361,
                    0.6210391521453857,
                    1.2420783042907715
                ],
                [
                    0.6653931736946106,
                    0.2679831087589264,
                    -0.6967331171035767,
                    -1.3934661149978638
                ],
                [
                    -3.498862000128611e-08,
                    0.9333416819572449,
                    0.3589893877506256,
                    0.7179788947105408
                ],
                [
                    0,
                    0,
                    0,
                    1
                ]
            ]
        },
        {
            "file_path": "008.png",
            "camera_angle_x": 0.6981317007977318,
            "transform_matrix": [
                [
                    -0.3290725648403168,
                    -0.4229336082935333,
                    0.8442975878715515,
                    1.688595175743103
                ],
                [
                    0.9443046450614929,
                    -0.14738450944423676,
                    0.2942219376564026,
                    0.5884439945220947
                ],
                [
                    3.00706943789919e-08,
                    0.8940945267677307,
                    0.447878360748291,
                    0.8957566618919373
                ],
                [
                    0,
                    0,
                    0,
                    1
                ]
            ]
        },
        {
            "file_path": "009.png",
            "camera_angle_x": 0.6981317007977318,
            "transform_matrix": [
                [
                    0.3290725648403168,
                    0.50687175989151,
                    -0.7967385053634644,
                    -1.5934770107269287
                ],
                [
                    -0.9443046450614929,
                    0.17663536965847015,
                    -0.2776485085487366,
                    -0.5552970767021179
                ],
                [
                    -1.3352423167134475e-08,
                    0.8437303304672241,
                    0.5367672443389893,
                    1.0735344886779785
                ],
                [
                    0,
                    0,
                    0,
                    1
                ]
            ]
        },
        {
            "file_path": "010.png",
            "camera_angle_x": 0.6981317007977318,
            "transform_matrix": [
                [
                    -0.9443047642707825,
                    0.20588625967502594,
                    -0.25670918822288513,
                    -0.5134183764457703
                ],
                [
                    -0.3290725648403168,
                    -0.5908101797103882,
                    0.7366511225700378,
                    1.4733021259307861
                ],
                [
                    -2.687364286657612e-08,
                    0.7800989747047424,
                    0.6256561279296875,
                    1.251312255859375
                ],
                [
                    0,
                    0,
                    0,
                    1
                ]
            ]
        },
        {
            "file_path": "011.png",
            "camera_angle_x": 0.6981317007977318,
            "transform_matrix": [
                [
                    0.9443046450614929,
                    -0.2351372241973877,
                    0.23021574318408966,
                    0.46043145656585693
                ],
                [
                    0.32907262444496155,
                    0.6747481822967529,
                    -0.6606255769729614,
                    -1.3212511539459229
                ],
                [
                    -3.572558249231861e-09,
                    0.6995894908905029,
                    0.7145450115203857,
                    1.4290900230407715
                ],
                [
                    0,
                    0,
                    0,
                    1
                ]
            ]
        },
        {
            "file_path": "012.png",
            "camera_angle_x": 0.6981317007977318,
            "transform_matrix": [
                [
                    -0.9004140496253967,
                    -0.3495217561721802,
                    0.25901710987091064,
                    0.5180341005325317
                ],
                [
                    0.435034841299057,
                    -0.723423182964325,
                    0.5361009240150452,
                    1.0722017288208008
                ],
                [
                    -5.939138958410695e-09,
                    0.5953940749168396,
                    0.803433895111084,
                    1.606867790222168
                ],
                [
                    0,
                    0,
                    0,
                    1
                ]
            ]
        },
        {
            "file_path": "013.png",
            "camera_angle_x": 0.6981317007977318,
            "transform_matrix": [
                [
                    0.9004136919975281,
                    0.3881913721561432,
                    -0.19637376070022583,
                    -0.39274752140045166
                ],
                [
                    -0.43503469228744507,
                    0.803459644317627,
                    -0.40644484758377075,
                    -0.8128896951675415
                ],
                [
                    9.153707125619803e-09,
                    0.45139792561531067,
                    0.8923227787017822,
                    1.7846455574035645
                ],
                [
                    0,
                    0,
                    0,
                    1
                ]
            ]
        },
        {
            "file_path": "014.png",
            "camera_angle_x": 0.6981317007977318,
            "transform_matrix": [
                [
                    -0.4350348114967346,
                    0.8834964036941528,
                    -0.17372088134288788,
                    -0.3474414348602295
                ],
                [
                    -0.9004136919975281,
                    -0.4268612563610077,
                    0.08393306285142899,
                    0.1678662896156311
                ],
                [
                    -1.4879114473842492e-07,
                    0.19293445348739624,
                    0.9812116622924805,
                    1.962423324584961
                ],
                [
                    0,
                    0,
                    0,
                    1
                ]
            ]
        }
    ]
}