{
    "aabb": [
        [
            -0.5,
            -0.5,
            -0.5
        ],
        [
            0.5,
            0.5,
            0.5
        ]
    ],
    "scale": 0.015625,
    "offset": [
        -0.4921875,
        -0.4921875,
        -0.4921875
    ],
    "frames": [
        {
            "file_path": "000.png",
            "camera_angle_x": 0.6981317007977318,
            "transform_matrix": [
                [
                    -0.3772174119949341,
                    -0.7636208534240723,
                    -0.5240136981010437,
                    -1.0480273962020874
                ],
                [
                    -0.9261248111724854,
                    0.31102824211120605,
                    0.2134345918893814,
                    0.4268692135810852
                ],
                [
                    -7.295479775848435e-09,
                    0.5658133029937744,
                    -0.8245335221290588,
                    -1.6490668058395386
                ],
                [
                    0,
                    0,
                    0,
                    1
                ]
            ]
        },
        {
            "file_path": "001.png",
            "camera_angle_x": 0.6981317007977318,
            "transform_matrix": [
                [
                    0.37721744179725647,
                    0.5166542530059814,
                    0.7686191201210022,
                    1.537238359451294
                ],
                [
                    0.9261246919631958,
                    -0.2104371041059494,
                    -0.31306424736976624,
                    -0.6261284947395325
                ],
                [
                    3.255020786241403e-08,
                    0.8299304842948914,
                    -0.5578668117523193,
                    -1.1157335042953491
                ],
                [
                    0,
                    0,
                    0,
                    1
                ]
            ]
        },
        {
            "file_path": "002.png",
            "camera_angle_x": 0.6981317007977318,
            "transform_matrix": [
                [
                    0.9261247515678406,
                    -0.10984573513269424,
                    -0.3608696758747101,
                    -0.7217392325401306
                ],
                [
                    -0.37721747159957886,
                    -0.26968786120414734,
                    -0.8859887719154358,
                    -1.7719770669937134
                ],
                [
                    4.955911236947941e-09,
                    0.9566624164581299,
                    -0.29120033979415894,
                    -0.5824001431465149
                ],
                [
                    0,
                    0,
                    0,
                    1
                ]
            ]
        },
        {
            "file_path": "003.png",
            "camera_angle_x": 0.6981317007977318,
            "transform_matrix": [
                [
                    -0.9261248111724854,
                    0.009254424832761288,
                    0.37710389494895935,
                    0.7542077302932739
                ],
                [
                    0.3772174119949341,
                    0.022720931097865105,
                    0.9258460402488708,
                    1.8516919612884521
                ],
                [
                    8.943885632106685e-09,
                    0.999699056148529,
                    -0.024533407762646675,
                    -0.04906681180000305
                ],
                [
                    0,
                    0,
                    0,
                    1
                ]
            ]
        },
        {
            "file_path": "004.png",
            "camera_angle_x": 0.6981317007977318,
            "transform_matrix": [
                [
                    0.3881360590457916,
                    0.07438356429338455,
                    -0.9185954928398132,
                    -1.8371907472610474
                ],
                [
                    -0.921602189540863,
                    0.03132673352956772,
                    -0.3868699371814728,
                    -0.7737396359443665
                ],
                [
                    -1.1334709171251234e-08,
                    0.9967377185821533,
                    0.08071097731590271,
                    0.16142217814922333
                ],
                [
                    0,
                    0,
                    0,
                    1
                ]
            ]
        },
        {
            "file_path": "005.png",
            "camera_angle_x": 0.6981317007977318,
            "transform_matrix": [
                [
                    -0.3881363570690155,
                    -0.15630373358726501,
                    0.9082509875297546,
                    1.8165016174316406
                ],
                [
                    0.9216022491455078,
                    -0.06582807004451752,
                    0.38251325488090515,
                    0.765026330947876
                ],
                [
                    -1.2742074062543907e-08,
                    0.9855131506919861,
                    0.16959984600543976,
                    0.339199960231781
                ],
                [
                    0,
                    0,
                    0,
                    1
                ]
            ]
        },
        {
            "file_path": "006.png",
            "camera_angle_x": 0.6981317007977318,
            "transform_matrix": [
                [
                    0.9216020703315735,
                    -0.10032883286476135,
                    0.3749450147151947,
                    0.7498900294303894
                ],
                [
                    0.3881361186504364,
                    0.23822368681430817,
                    -0.8902808427810669,
                    -1.7805614471435547
                ],
                [
                    1.870974131179537e-08,
                    0.9660143256187439,
                    0.2584886848926544,
                    0.5169777274131775
                ],
                [
                    0,
                    0,
                    0,
                    1
                ]
            ]
        },
        {
            "file_path": "007.png",
            "camera_angle_x": 0.6981317007977318,
            "transform_matrix": [
                [
                    -0.9216020703315735,
                    0.13482984900474548,
                    -0.36396506428718567,
                    -0.7279300689697266
                ],
                [
                    -0.3881361484527588,
                    -0.32014399766921997,
                    0.8642095923423767,
                    1.7284190654754639
                ],
                [
                    2.4698284306623464e-08,
                    0.937725305557251,
                    0.3473776876926422,
                    0.694755494594574
                ],
                [
                    0,
                    0,
                    0,
                    1
                ]
            ]
        },
        {
            "file_path": "008.png",
            "camera_angle_x": 0.6981317007977318,
            "transform_matrix": [
                [
                    0.005909199360758066,
                    0.43625909090042114,
                    -0.8998016715049744,
                    -1.7996034622192383
                ],
                [
                    -0.9999825358390808,
                    0.002577974693849683,
                    -0.005317207891494036,
                    -0.010634336620569229
                ],
                [
                    -1.1970691105034348e-08,
                    0.8998174071311951,
                    0.4362667202949524,
                    0.8725332617759705
                ],
                [
                    0,
                    0,
                    0,
                    1
                ]
            ]
        },
        {
            "file_path": "009.png",
            "camera_angle_x": 0.6981317007977318,
            "transform_matrix": [
                [
                    -0.005909265018999577,
                    -0.5251463651657104,
                    0.8509914875030518,
                    1.701982855796814
                ],
                [
                    0.9999825954437256,
                    -0.00310333794914186,
                    0.005028754007071257,
                    0.010057469829916954
                ],
                [
                    3.088654665361901e-08,
                    0.8510063290596008,
                    0.5251554846763611,
                    1.0503110885620117
                ],
                [
                    0,
                    0,
                    0,
                    1
                ]
            ]
        },
        {
            "file_path": "010.png",
            "camera_angle_x": 0.6981317007977318,
            "transform_matrix": [
                [
                    0.9999825358390808,
                    -0.0036284886300563812,
                    0.0046639335341751575,
                    0.00932786799967289
                ],
                [
                    0.005909163039177656,
                    0.6140337586402893,
                    -0.7892576456069946,
                    -1.5785154104232788
                ],
                [
                    -2.271874771642146e-10,
                    0.7892714142799377,
                    0.6140444874763489,
                    1.2280888557434082
                ],
                [
                    0,
                    0,
                    0,
                    1
                ]
            ]
        },
        {
            "file_path": "011.png",
            "camera_angle_x": 0.6981317007977318,
            "transform_matrix": [
                [
                    -0.9999826550483704,
                    0.004153748508542776,
                    -0.004202926531434059,
                    -0.008405853062868118
                ],
                [
                    -0.005909163970500231,
                    -0.7029212117195129,
                    0.7112432718276978,
                    1.422486662864685
                ],
                [
                    -1.9987632382534315e-10,
                    0.7112557291984558,
                    0.7029333710670471,
                    1.4058666229248047
                ],
                [
                    0,
                    0,
                    0,
                    1
                ]
            ]
        },
        {
            "file_path": "012.png",
            "camera_angle_x": 0.6981317007977318,
            "transform_matrix": [
                [
                    0.7112728953361511,
                    0.5565844774246216,
                    -0.42930710315704346,
                    -0.8586142659187317
                ],
                [
                    -0.7029159665107727,
                    0.5632016658782959,
                    -0.43441110849380493,
                    -0.8688221573829651
                ],
                [
                    3.6834890693171474e-09,
                    0.6107516884803772,
                    0.7918221950531006,
                    1.5836443901062012
                ],
                [
                    0,
                    0,
                    0,
                    1
                ]
            ]
        },
        {
            "file_path": "013.png",
            "camera_angle_x": 0.6981317007977318,
            "transform_matrix": [
                [
                    -0.711273193359375,
                    -0.619066059589386,
                    0.3329389691352844,
                    0.6658777594566345
                ],
                [
                    0.702916145324707,
                    -0.6264262199401855,
                    0.3368972837924957,
                    0.6737942695617676
                ],
                [
                    -3.934500369950911e-08,
                    0.47365403175354004,
                    0.880711019039154,
                    1.7614221572875977
                ],
                [
                    0,
                    0,
                    0,
                    1
                ]
            ]
        },
        {
            "file_path": "014.png",
            "camera_angle_x": 0.6981317007977318,
            "transform_matrix": [
                [
                    0.7029160261154175,
                    -0.6896501779556274,
                    0.17404527962207794,
                    0.3480905294418335
                ],
                [
                    0.7112728953361511,
                    0.6815473437309265,
                    -0.17200042307376862,
                    -0.34400078654289246
                ],
                [
                    1.0427168462001646e-08,
                    0.2446955293416977,
                    0.9695999622344971,
                    1.9391999244689941
                ],
                [
                    0,
                    0,
                    0,
                    1
                ]
            ]
        }
    ]
}