{
    "aabb": [
        [
            -0.5,
            -0.5,
            -0.5
        ],
        [
            0.5,
            0.5,
            0.5
        ]
    ],
    "scale": 0.015625,
    "offset": [
        -0.4921875,
        -0.4921875,
        -0.4921875
    ],
    "frames": [
        {
            "file_path": "000.png",
            "camera_angle_x": 0.6981317007977318,
            "transform_matrix": [
                [
                    -0.617050290107727,
                    -0.6384087800979614,
                    -0.4600905478000641,
                    -0.9201810359954834
                ],
                [
                    -0.7869238257408142,
                    0.500595211982727,
                    0.360770583152771,
                    0.7215412259101868
                ],
                [
                    3.48677922090701e-08,
                    0.5846697688102722,
                    -0.8112714886665344,
                    -1.6225427389144897
                ],
                [
                    0,
                    0,
                    0,
                    1
                ]
            ]
        },
        {
            "file_path": "001.png",
            "camera_angle_x": 0.6981317007977318,
            "transform_matrix": [
                [
                    0.6170502305030823,
                    0.4285624325275421,
                    0.6599873900413513,
                    1.319974660873413
                ],
                [
                    0.7869238257408142,
                    -0.3360486328601837,
                    -0.5175155997276306,
                    -1.0350311994552612
                ],
                [
                    5.994847640522494e-08,
                    0.8386929035186768,
                    -0.5446048378944397,
                    -1.0892094373703003
                ],
                [
                    0,
                    0,
                    0,
                    1
                ]
            ]
        },
        {
            "file_path": "002.png",
            "camera_angle_x": 0.6981317007977318,
            "transform_matrix": [
                [
                    0.7869237661361694,
                    -0.1715017706155777,
                    -0.5927377939224243,
                    -1.1854757070541382
                ],
                [
                    -0.6170502305030823,
                    -0.2187160700559616,
                    -0.7559182047843933,
                    -1.5118364095687866
                ],
                [
                    2.3999977116773152e-08,
                    0.9605990052223206,
                    -0.2779380977153778,
                    -0.5558761358261108
                ],
                [
                    0,
                    0,
                    0,
                    1
                ]
            ]
        },
        {
            "file_path": "003.png",
            "camera_angle_x": 0.6981317007977318,
            "transform_matrix": [
                [
                    -0.7869237661361694,
                    0.006955015938729048,
                    0.6170110106468201,
                    1.2340220212936401
                ],
                [
                    0.6170502305030823,
                    0.008869795128703117,
                    0.7868738174438477,
                    1.5737475156784058
                ],
                [
                    -3.919175384226037e-08,
                    0.9999364614486694,
                    -0.011271440424025059,
                    -0.022542787715792656
                ],
                [
                    0,
                    0,
                    0,
                    1
                ]
            ]
        },
        {
            "file_path": "004.png",
            "camera_angle_x": 0.6981317007977318,
            "transform_matrix": [
                [
                    0.12011873722076416,
                    0.08451540023088455,
                    -0.9891555309295654,
                    -1.9783110618591309
                ],
                [
                    -0.9927595257759094,
                    0.010225960053503513,
                    -0.1196826621890068,
                    -0.23936530947685242
                ],
                [
                    2.631933782026863e-08,
                    0.9963696599006653,
                    0.08513180911540985,
                    0.17026351392269135
                ],
                [
                    0,
                    0,
                    0,
                    1
                ]
            ]
        },
        {
            "file_path": "005.png",
            "camera_angle_x": 0.6981317007977318,
            "transform_matrix": [
                [
                    -0.12011858820915222,
                    -0.17276068031787872,
                    0.9776119589805603,
                    1.9552240371704102
                ],
                [
                    0.9927594661712646,
                    -0.020903021097183228,
                    0.1182858869433403,
                    0.23657190799713135
                ],
                [
                    -5.144818970848064e-08,
                    0.9847419261932373,
                    0.17402072250843048,
                    0.348041296005249
                ],
                [
                    0,
                    0,
                    0,
                    1
                ]
            ]
        },
        {
            "file_path": "006.png",
            "camera_angle_x": 0.6981317007977318,
            "transform_matrix": [
                [
                    0.9927595257759094,
                    -0.031580355018377304,
                    0.11589302867650986,
                    0.23178601264953613
                ],
                [
                    0.12011874467134476,
                    0.26100578904151917,
                    -0.957834780216217,
                    -1.9156694412231445
                ],
                [
                    4.427580080346161e-09,
                    0.9648205637931824,
                    0.2629093825817108,
                    0.5258190631866455
                ],
                [
                    0,
                    0,
                    0,
                    1
                ]
            ]
        },
        {
            "file_path": "007.png",
            "camera_angle_x": 0.6981317007977318,
            "transform_matrix": [
                [
                    -0.9927594661712646,
                    0.04225757345557213,
                    -0.11244022101163864,
                    -0.22488045692443848
                ],
                [
                    -0.12011871486902237,
                    -0.34925124049186707,
                    0.9292981028556824,
                    1.8585963249206543
                ],
                [
                    -7.338472940432439e-09,
                    0.936075747013092,
                    0.35179847478866577,
                    0.703596830368042
                ],
                [
                    0,
                    0,
                    0,
                    1
                ]
            ]
        },
        {
            "file_path": "008.png",
            "camera_angle_x": 0.6981317007977318,
            "transform_matrix": [
                [
                    -0.26893743872642517,
                    0.4244512915611267,
                    -0.8645887970924377,
                    -1.729177474975586
                ],
                [
                    -0.9631576538085938,
                    -0.11851723492145538,
                    0.24141459167003632,
                    0.4828290343284607
                ],
                [
                    7.93701531165425e-08,
                    0.8976607322692871,
                    0.4406872093677521,
                    0.8813745975494385
                ],
                [
                    0,
                    0,
                    0,
                    1
                ]
            ]
        },
        {
            "file_path": "009.png",
            "camera_angle_x": 0.6981317007977318,
            "transform_matrix": [
                [
                    0.2689373791217804,
                    -0.5100653767585754,
                    0.8170104622840881,
                    1.6340208053588867
                ],
                [
                    0.9631577134132385,
                    0.14242276549339294,
                    -0.2281295508146286,
                    -0.45625895261764526
                ],
                [
                    3.2973812125192126e-08,
                    0.8482624292373657,
                    0.5295761227607727,
                    1.059152364730835
                ],
                [
                    0,
                    0,
                    0,
                    1
                ]
            ]
        },
        {
            "file_path": "010.png",
            "camera_angle_x": 0.6981317007977318,
            "transform_matrix": [
                [
                    0.9631576538085938,
                    0.16632837057113647,
                    -0.21133431792259216,
                    -0.42266860604286194
                ],
                [
                    -0.2689374089241028,
                    0.5956793427467346,
                    -0.75686115026474,
                    -1.5137221813201904
                ],
                [
                    7.84319542646017e-09,
                    0.7858123183250427,
                    0.6184650659561157,
                    1.2369301319122314
                ],
                [
                    0,
                    0,
                    0,
                    1
                ]
            ]
        },
        {
            "file_path": "011.png",
            "camera_angle_x": 0.6981317007977318,
            "transform_matrix": [
                [
                    -0.9631577134132385,
                    -0.1902339607477188,
                    0.19010093808174133,
                    0.38020190596580505
                ],
                [
                    0.2689374089241028,
                    -0.6812935471534729,
                    0.6808171272277832,
                    1.3616342544555664
                ],
                [
                    5.523345336655439e-09,
                    0.7068594694137573,
                    0.7073540091514587,
                    1.4147080183029175
                ],
                [
                    0,
                    0,
                    0,
                    1
                ]
            ]
        },
        {
            "file_path": "012.png",
            "camera_angle_x": 0.6981317007977318,
            "transform_matrix": [
                [
                    0.4908877909183502,
                    0.6937049627304077,
                    -0.5270698070526123,
                    -1.0541396141052246
                ],
                [
                    -0.8712227940559387,
                    0.39086589217185974,
                    -0.29697588086128235,
                    -0.5939518213272095
                ],
                [
                    -3.087178157556991e-08,
                    0.6049770712852478,
                    0.796242892742157,
                    1.592485785484314
                ],
                [
                    0,
                    0,
                    0,
                    1
                ]
            ]
        },
        {
            "file_path": "013.png",
            "camera_angle_x": 0.6981317007977318,
            "transform_matrix": [
                [
                    -0.49088796973228455,
                    -0.7711469531059265,
                    0.40541526675224304,
                    0.8108304738998413
                ],
                [
                    0.8712227940559387,
                    -0.434500515460968,
                    0.22843003273010254,
                    0.4568600058555603
                ],
                [
                    -3.4426506090312614e-09,
                    0.4653405249118805,
                    0.8851317167282104,
                    1.7702635526657104
                ],
                [
                    0,
                    0,
                    0,
                    1
                ]
            ]
        },
        {
            "file_path": "014.png",
            "camera_angle_x": 0.6981317007977318,
            "transform_matrix": [
                [
                    0.871222734451294,
                    -0.47813495993614197,
                    0.1111660897731781,
                    0.222332164645195
                ],
                [
                    0.49088791012763977,
                    0.8485889434814453,
                    -0.19729644060134888,
                    -0.39459285140037537
                ],
                [
                    2.4221611383268282e-09,
                    0.22645923495292664,
                    0.9740206599235535,
                    1.948041319847107
                ],
                [
                    0,
                    0,
                    0,
                    1
                ]
            ]
        }
    ]
}