{
    "aabb": [
        [
            -0.5,
            -0.5,
            -0.5
        ],
        [
            0.5,
            0.5,
            0.5
        ]
    ],
    "scale": 0.015625,
    "offset": [
        -0.4921875,
        -0.4921875,
        -0.4921875
    ],
    "frames": [
        {
            "file_path": "000.png",
            "camera_angle_x": 0.6981317007977318,
            "transform_matrix": [
                [
                    0.05859427526593208,
                    0.9595017433166504,
                    0.27554163336753845,
                    0.5510833859443665
                ],
                [
                    0.9982818961143494,
                    -0.056318167597055435,
                    -0.01617291569709778,
                    -0.03234602138400078
                ],
                [
                    4.785764673442827e-08,
                    0.27601587772369385,
                    -0.9611531496047974,
                    -1.9223061800003052
                ],
                [
                    0,
                    0,
                    0,
                    1
                ]
            ]
        },
        {
            "file_path": "001.png",
            "camera_angle_x": 0.6981317007977318,
            "transform_matrix": [
                [
                    -0.058594394475221634,
                    -0.6932932138442993,
                    -0.7182696461677551,
                    -1.4365392923355103
                ],
                [
                    -0.9982818961143494,
                    0.04069291427731514,
                    0.042159028351306915,
                    0.084318146109581
                ],
                [
                    -5.836082905830153e-08,
                    0.7195058465003967,
                    -0.6944864392280579,
                    -1.3889727592468262
                ],
                [
                    0,
                    0,
                    0,
                    1
                ]
            ]
        },
        {
            "file_path": "002.png",
            "camera_angle_x": 0.6981317007977318,
            "transform_matrix": [
                [
                    -0.9982819557189941,
                    0.025067873299121857,
                    0.05296144634485245,
                    0.10592290014028549
                ],
                [
                    0.0585944801568985,
                    0.42708471417427063,
                    0.9023111462593079,
                    1.8046222925186157
                ],
                [
                    -5.728501228929872e-09,
                    0.9038640856742859,
                    -0.4278198778629303,
                    -0.8556394577026367
                ],
                [
                    0,
                    0,
                    0,
                    1
                ]
            ]
        },
        {
            "file_path": "003.png",
            "camera_angle_x": 0.6981317007977318,
            "transform_matrix": [
                [
                    0.9982818961143494,
                    -0.009442673996090889,
                    -0.0578286275267601,
                    -0.1156572476029396
                ],
                [
                    -0.058594487607479095,
                    -0.1608760505914688,
                    -0.985233724117279,
                    -1.970467448234558
                ],
                [
                    -1.6196077812224985e-09,
                    0.9869294166564941,
                    -0.1611529290676117,
                    -0.3223061263561249
                ],
                [
                    0,
                    0,
                    0,
                    1
                ]
            ]
        },
        {
            "file_path": "004.png",
            "camera_angle_x": 0.6981317007977318,
            "transform_matrix": [
                [
                    -0.6644593477249146,
                    -0.02628426067531109,
                    0.7468621134757996,
                    1.4937241077423096
                ],
                [
                    0.747324526309967,
                    -0.023369770497083664,
                    0.6640481948852539,
                    1.3280963897705078
                ],
                [
                    -4.633591643710133e-08,
                    0.9993813633918762,
                    0.03517107293009758,
                    0.07034239917993546
                ],
                [
                    0,
                    0,
                    0,
                    1
                ]
            ]
        },
        {
            "file_path": "005.png",
            "camera_angle_x": 0.6981317007977318,
            "transform_matrix": [
                [
                    0.6644592881202698,
                    0.09271310269832611,
                    -0.7415511608123779,
                    -1.4831023216247559
                ],
                [
                    -0.7473244667053223,
                    0.08243285119533539,
                    -0.6593261361122131,
                    -1.3186523914337158
                ],
                [
                    5.298861793789911e-09,
                    0.9922747015953064,
                    0.12406004220247269,
                    0.24812017381191254
                ],
                [
                    0,
                    0,
                    0,
                    1
                ]
            ]
        },
        {
            "file_path": "006.png",
            "camera_angle_x": 0.6981317007977318,
            "transform_matrix": [
                [
                    -0.747324526309967,
                    0.1414959728717804,
                    -0.6492188572883606,
                    -1.2984377145767212
                ],
                [
                    -0.6644593477249146,
                    -0.15914207696914673,
                    0.7301833629608154,
                    1.4603666067123413
                ],
                [
                    1.1600697291669348e-08,
                    0.9770633578300476,
                    0.2129489630460739,
                    0.4258979558944702
                ],
                [
                    0,
                    0,
                    0,
                    1
                ]
            ]
        },
        {
            "file_path": "007.png",
            "camera_angle_x": 0.6981317007977318,
            "transform_matrix": [
                [
                    0.7473244667053223,
                    -0.20055897533893585,
                    0.6334683895111084,
                    1.2669368982315063
                ],
                [
                    0.6644592881202698,
                    0.2255709022283554,
                    -0.712468683719635,
                    -1.42493736743927
                ],
                [
                    -3.8964532933505325e-08,
                    0.9533592462539673,
                    0.3018379211425781,
                    0.6036757230758667
                ],
                [
                    0,
                    0,
                    0,
                    1
                ]
            ]
        },
        {
            "file_path": "008.png",
            "camera_angle_x": 0.6981317007977318,
            "transform_matrix": [
                [
                    -0.32789191603660583,
                    -0.3691256046295166,
                    0.8696169257164001,
                    1.7392336130142212
                ],
                [
                    0.9447154402732849,
                    -0.12811623513698578,
                    0.3018265664577484,
                    0.6036530137062073
                ],
                [
                    2.9794229305935005e-09,
                    0.9205068349838257,
                    0.39072665572166443,
                    0.7814534902572632
                ],
                [
                    0,
                    0,
                    0,
                    1
                ]
            ]
        },
        {
            "file_path": "009.png",
            "camera_angle_x": 0.6981317007977318,
            "transform_matrix": [
                [
                    0.32789158821105957,
                    0.453100323677063,
                    -0.8289675712585449,
                    -1.6579351425170898
                ],
                [
                    -0.9447153806686401,
                    0.15726187825202942,
                    -0.28771793842315674,
                    -0.5754359364509583
                ],
                [
                    -5.570223748918579e-08,
                    0.8774787187576294,
                    0.4796156585216522,
                    0.9592313170433044
                ],
                [
                    0,
                    0,
                    0,
                    1
                ]
            ]
        },
        {
            "file_path": "010.png",
            "camera_angle_x": 0.6981317007977318,
            "transform_matrix": [
                [
                    -0.9447153806686401,
                    0.1864078938961029,
                    -0.2697499692440033,
                    -0.5394999384880066
                ],
                [
                    -0.32789167761802673,
                    -0.5370749235153198,
                    0.7771985530853271,
                    1.5543971061706543
                ],
                [
                    -3.757474331678168e-10,
                    0.8226801753044128,
                    0.5685044527053833,
                    1.1370090246200562
                ],
                [
                    0,
                    0,
                    0,
                    1
                ]
            ]
        },
        {
            "file_path": "011.png",
            "camera_angle_x": 0.6981317007977318,
            "transform_matrix": [
                [
                    0.9447153210639954,
                    -0.21555382013320923,
                    0.2470819503068924,
                    0.4941639304161072
                ],
                [
                    0.32789164781570435,
                    0.6210496425628662,
                    -0.7118878960609436,
                    -1.4237757921218872
                ],
                [
                    1.6147913228792277e-08,
                    0.7535474896430969,
                    0.6573933959007263,
                    1.3147867918014526
                ],
                [
                    0,
                    0,
                    0,
                    1
                ]
            ]
        },
        {
            "file_path": "012.png",
            "camera_angle_x": 0.6981317007977318,
            "transform_matrix": [
                [
                    -0.8998691439628601,
                    -0.32549867033958435,
                    0.29032114148139954,
                    0.5806422233581543
                ],
                [
                    0.43616023659706116,
                    -0.6715564131736755,
                    0.5989794731140137,
                    1.1979588270187378
                ],
                [
                    -5.8732769758762515e-09,
                    0.6656295657157898,
                    0.7462822794914246,
                    1.4925646781921387
                ],
                [
                    0,
                    0,
                    0,
                    1
                ]
            ]
        },
        {
            "file_path": "013.png",
            "camera_angle_x": 0.6981317007977318,
            "transform_matrix": [
                [
                    0.8998690247535706,
                    0.36426842212677,
                    -0.23988376557826996,
                    -0.4797675311565399
                ],
                [
                    -0.4361601769924164,
                    0.751544713973999,
                    -0.4949190020561218,
                    -0.9898380637168884
                ],
                [
                    2.3266061077720224e-08,
                    0.5499900579452515,
                    0.8351712226867676,
                    1.6703424453735352
                ],
                [
                    0,
                    0,
                    0,
                    1
                ]
            ]
        },
        {
            "file_path": "014.png",
            "camera_angle_x": 0.6981317007977318,
            "transform_matrix": [
                [
                    -0.43616050481796265,
                    0.8315333127975464,
                    -0.34397247433662415,
                    -0.6879448890686035
                ],
                [
                    -0.8998692631721497,
                    -0.40303850173950195,
                    0.16672107577323914,
                    0.3334420323371887
                ],
                [
                    4.1669864003779367e-08,
                    0.38224729895591736,
                    0.9240601062774658,
                    1.8481202125549316
                ],
                [
                    0,
                    0,
                    0,
                    1
                ]
            ]
        }
    ]
}