{
    "aabb": [
        [
            -0.5,
            -0.5,
            -0.5
        ],
        [
            0.5,
            0.5,
            0.5
        ]
    ],
    "scale": 0.015625,
    "offset": [
        -0.4921875,
        -0.4921875,
        -0.4921875
    ],
    "frames": [
        {
            "file_path": "000.png",
            "camera_angle_x": 0.6981317007977318,
            "transform_matrix": [
                [
                    -0.937086284160614,
                    0.28608664870262146,
                    0.20005972683429718,
                    0.40011945366859436
                ],
                [
                    0.3490980863571167,
                    0.7679442167282104,
                    0.5370215773582458,
                    1.0740431547164917
                ],
                [
                    -8.533018736045506e-09,
                    0.5730760097503662,
                    -0.8195023536682129,
                    -1.6390044689178467
                ],
                [
                    0,
                    0,
                    0,
                    1
                ]
            ]
        },
        {
            "file_path": "001.png",
            "camera_angle_x": 0.6981317007977318,
            "transform_matrix": [
                [
                    0.9370861649513245,
                    -0.1929938644170761,
                    -0.2909000813961029,
                    -0.581800103187561
                ],
                [
                    -0.3490980863571167,
                    -0.5180546045303345,
                    -0.7808648943901062,
                    -1.5617297887802124
                ],
                [
                    1.5772302575101094e-08,
                    0.8332903981208801,
                    -0.5528356432914734,
                    -1.1056711673736572
                ],
                [
                    0,
                    0,
                    0,
                    1
                ]
            ]
        },
        {
            "file_path": "002.png",
            "camera_angle_x": 0.6981317007977318,
            "transform_matrix": [
                [
                    -0.3490980863571167,
                    -0.2681649923324585,
                    -0.8978965282440186,
                    -1.7957929372787476
                ],
                [
                    -0.9370862245559692,
                    0.09990093111991882,
                    0.33449849486351013,
                    0.6689969897270203
                ],
                [
                    -4.5787107438854946e-08,
                    0.958179235458374,
                    -0.28616899251937866,
                    -0.572337806224823
                ],
                [
                    0,
                    0,
                    0,
                    1
                ]
            ]
        },
        {
            "file_path": "003.png",
            "camera_angle_x": 0.6981317007977318,
            "transform_matrix": [
                [
                    0.3490980267524719,
                    0.01827530562877655,
                    0.9369080662727356,
                    1.873815894126892
                ],
                [
                    0.937086284160614,
                    -0.006808403413742781,
                    -0.3490317165851593,
                    -0.6980633735656738
                ],
                [
                    1.0514388293358934e-07,
                    0.9998099207878113,
                    -0.019502393901348114,
                    -0.03900445997714996
                ],
                [
                    0,
                    0,
                    0,
                    1
                ]
            ]
        },
        {
            "file_path": "004.png",
            "camera_angle_x": 0.6981317007977318,
            "transform_matrix": [
                [
                    -0.9094697833061218,
                    0.03425458073616028,
                    -0.41435691714286804,
                    -0.8287137746810913
                ],
                [
                    -0.41577041149139404,
                    -0.07492955774068832,
                    0.9063777923583984,
                    1.8127554655075073
                ],
                [
                    4.6154255528563226e-08,
                    0.9966003894805908,
                    0.0823880210518837,
                    0.1647762954235077
                ],
                [
                    0,
                    0,
                    0,
                    1
                ]
            ]
        },
        {
            "file_path": "005.png",
            "camera_angle_x": 0.6981317007977318,
            "transform_matrix": [
                [
                    0.9094696044921875,
                    -0.07121191173791885,
                    0.4096265137195587,
                    0.8192530274391174
                ],
                [
                    0.41577038168907166,
                    0.15577128529548645,
                    -0.8960303068161011,
                    -1.7920606136322021
                ],
                [
                    -2.025859835441679e-08,
                    0.9852229356765747,
                    0.17127706110477448,
                    0.3425540626049042
                ],
                [
                    0,
                    0,
                    0,
                    1
                ]
            ]
        },
        {
            "file_path": "006.png",
            "camera_angle_x": 0.6981317007977318,
            "transform_matrix": [
                [
                    0.4157703220844269,
                    0.23661309480667114,
                    -0.8781511783599854,
                    -1.7563021183013916
                ],
                [
                    -0.9094697833061218,
                    0.10816916823387146,
                    -0.4014529883861542,
                    -0.802905797958374
                ],
                [
                    1.2431581097871458e-08,
                    0.9655640721321106,
                    0.26016584038734436,
                    0.520331859588623
                ],
                [
                    0,
                    0,
                    0,
                    1
                ]
            ]
        },
        {
            "file_path": "007.png",
            "camera_angle_x": 0.6981317007977318,
            "transform_matrix": [
                [
                    -0.41577038168907166,
                    -0.31745481491088867,
                    0.8522660136222839,
                    1.7045321464538574
                ],
                [
                    0.9094696044921875,
                    -0.14512665569782257,
                    0.3896194100379944,
                    0.779238760471344
                ],
                [
                    -2.2728748660938436e-08,
                    0.9371022582054138,
                    0.34905487298965454,
                    0.6981096267700195
                ],
                [
                    0,
                    0,
                    0,
                    1
                ]
            ]
        },
        {
            "file_path": "008.png",
            "camera_angle_x": 0.6981317007977318,
            "transform_matrix": [
                [
                    -0.9993488192558289,
                    0.015802236273884773,
                    -0.03243852034211159,
                    -0.06487704068422318
                ],
                [
                    -0.03608279675245285,
                    -0.4376585781574249,
                    0.8984169363975525,
                    1.7968339920043945
                ],
                [
                    4.226459182632425e-10,
                    0.8990023732185364,
                    0.4379437565803528,
                    0.875887393951416
                ],
                [
                    0,
                    0,
                    0,
                    1
                ]
            ]
        },
        {
            "file_path": "009.png",
            "camera_angle_x": 0.6981317007977318,
            "transform_matrix": [
                [
                    0.9993488192558289,
                    -0.01900959387421608,
                    0.03066926635801792,
                    0.061338525265455246
                ],
                [
                    0.03608280047774315,
                    0.5264894366264343,
                    -0.84941565990448,
                    -1.6988312005996704
                ],
                [
                    2.2382427022904494e-09,
                    0.8499691486358643,
                    0.5268324613571167,
                    1.0536651611328125
                ],
                [
                    0,
                    0,
                    0,
                    1
                ]
            ]
        },
        {
            "file_path": "010.png",
            "camera_angle_x": 0.6981317007977318,
            "transform_matrix": [
                [
                    0.0360826775431633,
                    0.61532062292099,
                    -0.7874508500099182,
                    -1.5749014616012573
                ],
                [
                    -0.9993489384651184,
                    0.022216813638806343,
                    -0.028431961312890053,
                    -0.05686388164758682
                ],
                [
                    -1.7885927405814073e-08,
                    0.7879639863967896,
                    0.6157214045524597,
                    1.231442928314209
                ],
                [
                    0,
                    0,
                    0,
                    1
                ]
            ]
        },
        {
            "file_path": "011.png",
            "camera_angle_x": 0.6981317007977318,
            "transform_matrix": [
                [
                    -0.03608276695013046,
                    -0.7041515111923218,
                    0.7091323733329773,
                    1.418264627456665
                ],
                [
                    0.9993488192558289,
                    -0.02542431838810444,
                    0.025604097172617912,
                    0.05120830237865448
                ],
                [
                    3.217460786686388e-08,
                    0.7095944285392761,
                    0.7046103477478027,
                    1.4092206954956055
                ],
                [
                    0,
                    0,
                    0,
                    1
                ]
            ]
        },
        {
            "file_path": "012.png",
            "camera_angle_x": 0.6981317007977318,
            "transform_matrix": [
                [
                    -0.6811320185661316,
                    0.580968976020813,
                    -0.4455719292163849,
                    -0.8911438584327698
                ],
                [
                    -0.7321606874465942,
                    -0.5404777526855469,
                    0.41451728343963623,
                    0.8290345668792725
                ],
                [
                    -2.2104641672626713e-08,
                    0.6085712313652039,
                    0.7934992909431458,
                    1.586998462677002
                ],
                [
                    0,
                    0,
                    0,
                    1
                ]
            ]
        },
        {
            "file_path": "013.png",
            "camera_angle_x": 0.6981317007977318,
            "transform_matrix": [
                [
                    0.6811319589614868,
                    -0.6460499167442322,
                    0.3444978892803192,
                    0.6889957785606384
                ],
                [
                    0.7321606874465942,
                    0.6010227799415588,
                    -0.32048773765563965,
                    -0.6409754157066345
                ],
                [
                    -1.1943068756181674e-09,
                    0.4705222547054291,
                    0.8823881149291992,
                    1.764776349067688
                ],
                [
                    0,
                    0,
                    0,
                    1
                ]
            ]
        },
        {
            "file_path": "014.png",
            "camera_angle_x": 0.6981317007977318,
            "transform_matrix": [
                [
                    0.732160747051239,
                    0.6615678071975708,
                    -0.16207633912563324,
                    -0.32415273785591125
                ],
                [
                    -0.681131899356842,
                    0.7111309170722961,
                    -0.17421869933605194,
                    -0.34843748807907104
                ],
                [
                    2.7053502549279074e-08,
                    0.23795145750045776,
                    0.9712770581245422,
                    1.9425541162490845
                ],
                [
                    0,
                    0,
                    0,
                    1
                ]
            ]
        }
    ]
}