{
    "aabb": [
        [
            -0.5,
            -0.5,
            -0.5
        ],
        [
            0.5,
            0.5,
            0.5
        ]
    ],
    "scale": 0.015625,
    "offset": [
        -0.4921875,
        -0.4921875,
        -0.4921875
    ],
    "frames": [
        {
            "file_path": "000.png",
            "camera_angle_x": 0.6981317007977318,
            "transform_matrix": [
                [
                    -0.9978917241096497,
                    0.05678516626358032,
                    0.03142683207988739,
                    0.06285366415977478
                ],
                [
                    0.06490147113800049,
                    0.8730995655059814,
                    0.48320281505584717,
                    0.9664056897163391
                ],
                [
                    -8.945860718867493e-10,
                    0.48422372341156006,
                    -0.8749443292617798,
                    -1.7498884201049805
                ],
                [
                    0,
                    0,
                    0,
                    1
                ]
            ]
        },
        {
            "file_path": "001.png",
            "camera_angle_x": 0.6981317007977318,
            "transform_matrix": [
                [
                    0.9978916645050049,
                    -0.039478108286857605,
                    -0.05151388421654701,
                    -0.10302776098251343
                ],
                [
                    -0.06490147113800049,
                    -0.606995165348053,
                    -0.7920510172843933,
                    -1.584101915359497
                ],
                [
                    1.6035300864913893e-09,
                    0.7937244772911072,
                    -0.6082776188850403,
                    -1.216555118560791
                ],
                [
                    0,
                    0,
                    0,
                    1
                ]
            ]
        },
        {
            "file_path": "002.png",
            "camera_angle_x": 0.6981317007977318,
            "transform_matrix": [
                [
                    -0.06490147113800049,
                    -0.3408906161785126,
                    -0.9378600120544434,
                    -1.8757200241088867
                ],
                [
                    -0.9978916645050049,
                    0.022171029821038246,
                    0.06099709868431091,
                    0.12199418991804123
                ],
                [
                    -1.0904908975817307e-08,
                    0.9398415088653564,
                    -0.341610848903656,
                    -0.6832217574119568
                ],
                [
                    0,
                    0,
                    0,
                    1
                ]
            ]
        },
        {
            "file_path": "003.png",
            "camera_angle_x": 0.6981317007977318,
            "transform_matrix": [
                [
                    0.06490149348974228,
                    0.0747862458229065,
                    0.9950853586196899,
                    1.9901707172393799
                ],
                [
                    0.9978916645050049,
                    -0.00486405985429883,
                    -0.06471896916627884,
                    -0.1294378936290741
                ],
                [
                    6.590522616534145e-08,
                    0.9971877336502075,
                    -0.07494425773620605,
                    -0.14988841116428375
                ],
                [
                    0,
                    0,
                    0,
                    1
                ]
            ]
        },
        {
            "file_path": "004.png",
            "camera_angle_x": 0.6981317007977318,
            "transform_matrix": [
                [
                    -0.7515082955360413,
                    0.04216128960251808,
                    -0.6583751440048218,
                    -1.316750168800354
                ],
                [
                    -0.659723699092865,
                    -0.04802700877189636,
                    0.7499720454216003,
                    1.4999440908432007
                ],
                [
                    2.1696621388400672e-08,
                    0.997955858707428,
                    0.0639074444770813,
                    0.12781497836112976
                ],
                [
                    0,
                    0,
                    0,
                    1
                ]
            ]
        },
        {
            "file_path": "005.png",
            "camera_angle_x": 0.6981317007977318,
            "transform_matrix": [
                [
                    0.7515082359313965,
                    -0.10080339014530182,
                    0.651977002620697,
                    1.303954005241394
                ],
                [
                    0.659723699092865,
                    0.11482767015695572,
                    -0.7426838278770447,
                    -1.4853676557540894
                ],
                [
                    3.617504162889418e-08,
                    0.9882577061653137,
                    0.15279632806777954,
                    0.30559274554252625
                ],
                [
                    0,
                    0,
                    0,
                    1
                ]
            ]
        },
        {
            "file_path": "006.png",
            "camera_angle_x": 0.6981317007977318,
            "transform_matrix": [
                [
                    0.659723699092865,
                    0.18162840604782104,
                    -0.7292295694351196,
                    -1.4584591388702393
                ],
                [
                    -0.7515082359313965,
                    0.15944553911685944,
                    -0.6401659846305847,
                    -1.2803319692611694
                ],
                [
                    5.733799923746119e-08,
                    0.9703546762466431,
                    0.24168524146080017,
                    0.48337051272392273
                ],
                [
                    0,
                    0,
                    0,
                    1
                ]
            ]
        },
        {
            "file_path": "007.png",
            "camera_angle_x": 0.6981317007977318,
            "transform_matrix": [
                [
                    -0.659723699092865,
                    -0.24842916429042816,
                    0.709258496761322,
                    1.4185168743133545
                ],
                [
                    0.7515082359313965,
                    -0.2180875688791275,
                    0.6226340532302856,
                    1.2452681064605713
                ],
                [
                    -9.031818848370676e-09,
                    0.9437800645828247,
                    0.330574095249176,
                    0.6611483097076416
                ],
                [
                    0,
                    0,
                    0,
                    1
                ]
            ]
        },
        {
            "file_path": "008.png",
            "camera_angle_x": 0.6981317007977318,
            "transform_matrix": [
                [
                    -0.9467683434486389,
                    0.13503164052963257,
                    -0.29222598671913147,
                    -0.5844519734382629
                ],
                [
                    -0.32191547751426697,
                    -0.39713430404663086,
                    0.8594502210617065,
                    1.718900442123413
                ],
                [
                    -1.949414851765141e-09,
                    0.9077723622322083,
                    0.4194630980491638,
                    0.8389260768890381
                ],
                [
                    0,
                    0,
                    0,
                    1
                ]
            ]
        },
        {
            "file_path": "009.png",
            "camera_angle_x": 0.6981317007977318,
            "transform_matrix": [
                [
                    0.9467684030532837,
                    -0.1636463701725006,
                    0.277217298746109,
                    0.5544346570968628
                ],
                [
                    0.3219154477119446,
                    0.48129159212112427,
                    -0.8153090476989746,
                    -1.6306180953979492
                ],
                [
                    1.7867378687697055e-09,
                    0.8611493706703186,
                    0.5083519816398621,
                    1.0167038440704346
                ],
                [
                    0,
                    0,
                    0,
                    1
                ]
            ]
        },
        {
            "file_path": "010.png",
            "camera_angle_x": 0.6981317007977318,
            "transform_matrix": [
                [
                    0.32191532850265503,
                    0.5654488801956177,
                    -0.759367048740387,
                    -1.5187338590621948
                ],
                [
                    -0.946768581867218,
                    0.19226086139678955,
                    -0.2581962049007416,
                    -0.5163922905921936
                ],
                [
                    -4.56491591194208e-08,
                    0.8020620942115784,
                    0.5972407460212708,
                    1.194481611251831
                ],
                [
                    0,
                    0,
                    0,
                    1
                ]
            ]
        },
        {
            "file_path": "011.png",
            "camera_angle_x": 0.6981317007977318,
            "transform_matrix": [
                [
                    -0.3219156861305237,
                    -0.6496058702468872,
                    0.6887543201446533,
                    1.3775087594985962
                ],
                [
                    0.9467683434486389,
                    -0.22087594866752625,
                    0.23418693244457245,
                    0.4683736264705658
                ],
                [
                    5.988930240619084e-08,
                    0.7274792790412903,
                    0.6861296892166138,
                    1.3722593784332275
                ],
                [
                    0,
                    0,
                    0,
                    1
                ]
            ]
        },
        {
            "file_path": "012.png",
            "camera_angle_x": 0.6981317007977318,
            "transform_matrix": [
                [
                    -0.4418378472328186,
                    0.6952652931213379,
                    -0.5669087767601013,
                    -1.1338175535202026
                ],
                [
                    -0.8970949649810791,
                    -0.34243258833885193,
                    0.2792142629623413,
                    0.5584285259246826
                ],
                [
                    -6.307379152303838e-08,
                    0.6319383978843689,
                    0.7750186324119568,
                    1.550037145614624
                ],
                [
                    0,
                    0,
                    0,
                    1
                ]
            ]
        },
        {
            "file_path": "013.png",
            "camera_angle_x": 0.6981317007977318,
            "transform_matrix": [
                [
                    0.4418376684188843,
                    -0.7750071287155151,
                    0.4518223702907562,
                    0.9036447405815125
                ],
                [
                    0.8970950841903687,
                    0.3817068338394165,
                    -0.22253184020519257,
                    -0.44506362080574036
                ],
                [
                    5.245950518428799e-08,
                    0.5036505460739136,
                    0.8639074563980103,
                    1.7278149127960205
                ],
                [
                    0,
                    0,
                    0,
                    1
                ]
            ]
        },
        {
            "file_path": "014.png",
            "camera_angle_x": 0.6981317007977318,
            "transform_matrix": [
                [
                    0.8970949053764343,
                    0.4209815263748169,
                    -0.13414643704891205,
                    -0.26829278469085693
                ],
                [
                    -0.441837877035141,
                    0.8547487854957581,
                    -0.2723672091960907,
                    -0.5447341203689575
                ],
                [
                    -3.6282006732335503e-08,
                    0.3036102056503296,
                    0.9527963399887085,
                    1.9055927991867065
                ],
                [
                    0,
                    0,
                    0,
                    1
                ]
            ]
        }
    ]
}