{
    "aabb": [
        [
            -0.5,
            -0.5,
            -0.5
        ],
        [
            0.5,
            0.5,
            0.5
        ]
    ],
    "scale": 0.015625,
    "offset": [
        -0.4921875,
        -0.4921875,
        -0.4921875
    ],
    "frames": [
        {
            "file_path": "000.png",
            "camera_angle_x": 0.6981317007977318,
            "transform_matrix": [
                [
                    -0.0240117609500885,
                    -0.9117551445960999,
                    -0.410031795501709,
                    -0.8200637102127075
                ],
                [
                    -0.9997116923332214,
                    0.021899105980992317,
                    0.009848352521657944,
                    0.01969679445028305
                ],
                [
                    6.091062232371769e-08,
                    0.41015005111694336,
                    -0.9120181202888489,
                    -1.8240361213684082
                ],
                [
                    0,
                    0,
                    0,
                    1
                ]
            ]
        },
        {
            "file_path": "001.png",
            "camera_angle_x": 0.6981317007977318,
            "transform_matrix": [
                [
                    0.024011757224798203,
                    0.6451652646064758,
                    0.7636656165122986,
                    1.5273312330245972
                ],
                [
                    0.9997116327285767,
                    -0.015495977364480495,
                    -0.018342219293117523,
                    -0.03668438270688057
                ],
                [
                    3.408125337500678e-09,
                    0.7638858556747437,
                    -0.6453512907028198,
                    -1.2907027006149292
                ],
                [
                    0,
                    0,
                    0,
                    1
                ]
            ]
        },
        {
            "file_path": "002.png",
            "camera_angle_x": 0.6981317007977318,
            "transform_matrix": [
                [
                    0.9997116923332214,
                    -0.009092862717807293,
                    -0.02222343720495701,
                    -0.044446878135204315
                ],
                [
                    -0.02401169203221798,
                    -0.3785756826400757,
                    -0.925258994102478,
                    -1.850517749786377
                ],
                [
                    2.3362225487488786e-09,
                    0.9255258440971375,
                    -0.3786848485469818,
                    -0.7573693990707397
                ],
                [
                    0,
                    0,
                    0,
                    1
                ]
            ]
        },
        {
            "file_path": "003.png",
            "camera_angle_x": 0.6981317007977318,
            "transform_matrix": [
                [
                    -0.9997117519378662,
                    0.002689740853384137,
                    0.023860568180680275,
                    0.04772113263607025
                ],
                [
                    0.02401169389486313,
                    0.11198566108942032,
                    0.9934197068214417,
                    1.9868392944335938
                ],
                [
                    -5.146336690131648e-10,
                    0.993706226348877,
                    -0.11201800405979156,
                    -0.2240360677242279
                ],
                [
                    0,
                    0,
                    0,
                    1
                ]
            ]
        },
        {
            "file_path": "004.png",
            "camera_angle_x": 0.6981317007977318,
            "transform_matrix": [
                [
                    0.6899240612983704,
                    0.03731575980782509,
                    -0.7229193449020386,
                    -1.4458385705947876
                ],
                [
                    -0.7238817811012268,
                    0.035565126687288284,
                    -0.6890068054199219,
                    -1.3780136108398438
                ],
                [
                    -4.6062030634175244e-08,
                    0.9986705183982849,
                    0.051549412310123444,
                    0.10309908539056778
                ],
                [
                    0,
                    0,
                    0,
                    1
                ]
            ]
        },
        {
            "file_path": "005.png",
            "camera_angle_x": 0.6981317007977318,
            "transform_matrix": [
                [
                    -0.6899241805076599,
                    -0.10166088491678238,
                    0.716707706451416,
                    1.4334152936935425
                ],
                [
                    0.7238817811012268,
                    -0.09689196944236755,
                    0.6830865144729614,
                    1.3661730289459229
                ],
                [
                    -9.255742838831793e-10,
                    0.990089476108551,
                    0.14043846726417542,
                    0.28087687492370605
                ],
                [
                    0,
                    0,
                    0,
                    1
                ]
            ]
        },
        {
            "file_path": "006.png",
            "camera_angle_x": 0.6981317007977318,
            "transform_matrix": [
                [
                    0.7238816618919373,
                    -0.15821845829486847,
                    0.6715372800827026,
                    1.3430743217468262
                ],
                [
                    0.6899241805076599,
                    0.16600576043128967,
                    -0.7045899033546448,
                    -1.4091796875
                ],
                [
                    -2.866187820416144e-08,
                    0.9733495116233826,
                    0.2293272167444229,
                    0.45865464210510254
                ],
                [
                    0,
                    0,
                    0,
                    1
                ]
            ]
        },
        {
            "file_path": "007.png",
            "camera_angle_x": 0.6981317007977318,
            "transform_matrix": [
                [
                    -0.7238818407058716,
                    0.21954502165317535,
                    -0.6540606021881104,
                    -1.3081210851669312
                ],
                [
                    -0.6899241209030151,
                    -0.23035097122192383,
                    0.6862530708312988,
                    1.372506022453308
                ],
                [
                    -1.9959969677074696e-08,
                    0.9480182528495789,
                    0.31821614503860474,
                    0.636432409286499
                ],
                [
                    0,
                    0,
                    0,
                    1
                ]
            ]
        },
        {
            "file_path": "008.png",
            "camera_angle_x": 0.6981317007977318,
            "transform_matrix": [
                [
                    0.3603891432285309,
                    0.3797484338283539,
                    -0.8520039916038513,
                    -1.704007863998413
                ],
                [
                    -0.9328020811080933,
                    0.1467161476612091,
                    -0.3291727900505066,
                    -0.6583455204963684
                ],
                [
                    -7.999044271400635e-08,
                    0.9133813977241516,
                    0.4071049988269806,
                    0.8142101764678955
                ],
                [
                    0,
                    0,
                    0,
                    1
                ]
            ]
        },
        {
            "file_path": "009.png",
            "camera_angle_x": 0.6981317007977318,
            "transform_matrix": [
                [
                    -0.36038926243782043,
                    -0.4626642167568207,
                    0.8099762797355652,
                    1.6199524402618408
                ],
                [
                    0.932802140712738,
                    -0.1787509173154831,
                    0.3129352927207947,
                    0.6258705854415894
                ],
                [
                    -3.349862964796557e-08,
                    0.8683260083198547,
                    0.4959939420223236,
                    0.9919880032539368
                ],
                [
                    0,
                    0,
                    0,
                    1
                ]
            ]
        },
        {
            "file_path": "010.png",
            "camera_angle_x": 0.6981317007977318,
            "transform_matrix": [
                [
                    0.9328020215034485,
                    -0.21078544855117798,
                    0.29231807589530945,
                    0.5846361517906189
                ],
                [
                    0.36038917303085327,
                    0.5455799102783203,
                    -0.7566123604774475,
                    -1.5132246017456055
                ],
                [
                    6.609698566251154e-09,
                    0.8111178278923035,
                    0.5848828554153442,
                    1.1697657108306885
                ],
                [
                    0,
                    0,
                    0,
                    1
                ]
            ]
        },
        {
            "file_path": "011.png",
            "camera_angle_x": 0.6981317007977318,
            "transform_matrix": [
                [
                    -0.9328020811080933,
                    0.24282009899616241,
                    -0.2663058638572693,
                    -0.532611608505249
                ],
                [
                    -0.36038923263549805,
                    -0.6284956336021423,
                    0.6892843246459961,
                    1.3785685300827026
                ],
                [
                    2.52994887262048e-08,
                    0.7389395833015442,
                    0.6737717390060425,
                    1.347543478012085
                ],
                [
                    0,
                    0,
                    0,
                    1
                ]
            ]
        },
        {
            "file_path": "012.png",
            "camera_angle_x": 0.6981317007977318,
            "transform_matrix": [
                [
                    0.9144242405891418,
                    0.3086923062801361,
                    -0.26179638504981995,
                    -0.5235927104949951
                ],
                [
                    -0.4047570526599884,
                    0.697395384311676,
                    -0.5914485454559326,
                    -1.1828970909118652
                ],
                [
                    -1.2671370619443678e-08,
                    0.646798849105835,
                    0.7626606822013855,
                    1.525321364402771
                ],
                [
                    0,
                    0,
                    0,
                    1
                ]
            ]
        },
        {
            "file_path": "013.png",
            "camera_angle_x": 0.6981317007977318,
            "transform_matrix": [
                [
                    -0.9144244194030762,
                    -0.3446706533432007,
                    0.21220363676548004,
                    0.4244072735309601
                ],
                [
                    0.404757022857666,
                    -0.7786777019500732,
                    0.4794090688228607,
                    0.9588180184364319
                ],
                [
                    -7.044587135851543e-09,
                    0.5242741703987122,
                    0.851549506187439,
                    1.7030991315841675
                ],
                [
                    0,
                    0,
                    0,
                    1
                ]
            ]
        },
        {
            "file_path": "014.png",
            "camera_angle_x": 0.6981317007977318,
            "transform_matrix": [
                [
                    0.4047568738460541,
                    -0.8599599599838257,
                    0.3108714520931244,
                    0.6217427849769592
                ],
                [
                    0.914424479007721,
                    0.3806489109992981,
                    -0.13760285079479218,
                    -0.27520567178726196
                ],
                [
                    -2.297527856853776e-08,
                    0.3399641215801239,
                    0.940438449382782,
                    1.880876898765564
                ],
                [
                    0,
                    0,
                    0,
                    1
                ]
            ]
        }
    ]
}