{
    "aabb": [
        [
            -0.5,
            -0.5,
            -0.5
        ],
        [
            0.5,
            0.5,
            0.5
        ]
    ],
    "scale": 0.015625,
    "offset": [
        -0.4921875,
        -0.4921875,
        -0.4921875
    ],
    "frames": [
        {
            "file_path": "000.png",
            "camera_angle_x": 0.6981317007977318,
            "transform_matrix": [
                [
                    -0.0383060947060585,
                    0.7539172768592834,
                    0.6558518409729004,
                    1.3117035627365112
                ],
                [
                    0.9992662072181702,
                    0.02890055626630783,
                    0.02514154277741909,
                    0.050283048301935196
                ],
                [
                    7.30588922692732e-08,
                    0.6563335657119751,
                    -0.7544711232185364,
                    -1.5089417695999146
                ],
                [
                    0,
                    0,
                    0,
                    1
                ]
            ]
        },
        {
            "file_path": "001.png",
            "camera_angle_x": 0.6981317007977318,
            "transform_matrix": [
                [
                    0.03830588981509209,
                    -0.48744624853134155,
                    -0.8723124265670776,
                    -1.7446247339248657
                ],
                [
                    -0.9992660880088806,
                    -0.018685799092054367,
                    -0.033439330756664276,
                    -0.06687871366739273
                ],
                [
                    7.269311907975862e-08,
                    0.8729531168937683,
                    -0.4878043234348297,
                    -0.9756084084510803
                ],
                [
                    0,
                    0,
                    0,
                    1
                ]
            ]
        },
        {
            "file_path": "002.png",
            "camera_angle_x": 0.6981317007977318,
            "transform_matrix": [
                [
                    -0.9992661476135254,
                    -0.008470897562801838,
                    -0.03735766559839249,
                    -0.07471532374620438
                ],
                [
                    -0.03830602392554283,
                    0.2209750860929489,
                    0.9745269417762756,
                    1.9490537643432617
                ],
                [
                    -2.6270565722796846e-09,
                    0.9752426743507385,
                    -0.22113746404647827,
                    -0.44227510690689087
                ],
                [
                    0,
                    0,
                    0,
                    1
                ]
            ]
        },
        {
            "file_path": "003.png",
            "camera_angle_x": 0.6981317007977318,
            "transform_matrix": [
                [
                    0.9992660284042358,
                    -0.0005813461029902101,
                    0.038301605731248856,
                    0.07660321146249771
                ],
                [
                    0.038306016474962234,
                    0.01516521256417036,
                    -0.9991509914398193,
                    -1.9983019828796387
                ],
                [
                    -1.0738450129110788e-09,
                    0.9998849034309387,
                    0.015176351182162762,
                    0.030352747067809105
                ],
                [
                    0,
                    0,
                    0,
                    1
                ]
            ]
        },
        {
            "file_path": "004.png",
            "camera_angle_x": 0.6981317007977318,
            "transform_matrix": [
                [
                    -0.7336742877960205,
                    -0.07071249186992645,
                    0.6758120656013489,
                    1.3516240119934082
                ],
                [
                    0.679501473903656,
                    -0.07634993642568588,
                    0.7296907305717468,
                    1.4593814611434937
                ],
                [
                    -7.11638605821463e-08,
                    0.9945704936981201,
                    0.10406514257192612,
                    0.20813052356243134
                ],
                [
                    0,
                    0,
                    0,
                    1
                ]
            ]
        },
        {
            "file_path": "005.png",
            "camera_angle_x": 0.6981317007977318,
            "transform_matrix": [
                [
                    0.7336742281913757,
                    0.13111262023448944,
                    -0.6667320728302002,
                    -1.3334640264511108
                ],
                [
                    -0.6795014142990112,
                    0.14156542718410492,
                    -0.7198868989944458,
                    -1.4397737979888916
                ],
                [
                    -1.672664140528468e-08,
                    0.9812078475952148,
                    0.19295409321784973,
                    0.385908305644989
                ],
                [
                    0,
                    0,
                    0,
                    1
                ]
            ]
        },
        {
            "file_path": "006.png",
            "camera_angle_x": 0.6981317007977318,
            "transform_matrix": [
                [
                    -0.679501473903656,
                    0.20678094029426575,
                    -0.7039315104484558,
                    -1.4078630208969116
                ],
                [
                    -0.7336742877960205,
                    -0.19151274859905243,
                    0.6519548296928406,
                    1.303909420967102
                ],
                [
                    1.477992128684491e-08,
                    0.9594606161117554,
                    0.2818429470062256,
                    0.5636860728263855
                ],
                [
                    0,
                    0,
                    0,
                    1
                ]
            ]
        },
        {
            "file_path": "007.png",
            "camera_angle_x": 0.6981317007977318,
            "transform_matrix": [
                [
                    0.6795013546943665,
                    -0.27199646830558777,
                    0.6813926100730896,
                    1.3627851009368896
                ],
                [
                    0.7336742877960205,
                    0.2519127130508423,
                    -0.6310800909996033,
                    -1.262160062789917
                ],
                [
                    3.214653787608768e-08,
                    0.9287400245666504,
                    0.37073180079460144,
                    0.741463840007782
                ],
                [
                    0,
                    0,
                    0,
                    1
                ]
            ]
        },
        {
            "file_path": "008.png",
            "camera_angle_x": 0.6981317007977318,
            "transform_matrix": [
                [
                    -0.41779273748397827,
                    -0.41758501529693604,
                    0.8068903088569641,
                    1.6137807369232178
                ],
                [
                    0.9085423946380615,
                    -0.19202622771263123,
                    0.37104812264442444,
                    0.7420961856842041
                ],
                [
                    -2.432492962611832e-08,
                    0.8881152272224426,
                    0.4596208333969116,
                    0.9192416071891785
                ],
                [
                    0,
                    0,
                    0,
                    1
                ]
            ]
        },
        {
            "file_path": "009.png",
            "camera_angle_x": 0.6981317007977318,
            "transform_matrix": [
                [
                    0.4177926778793335,
                    0.4983443319797516,
                    -0.7596724629402161,
                    -1.5193448066711426
                ],
                [
                    -0.9085423946380615,
                    0.2291633039712906,
                    -0.3493349850177765,
                    -0.6986699104309082
                ],
                [
                    -2.327750081576596e-08,
                    0.836144208908081,
                    0.5485096573829651,
                    1.0970194339752197
                ],
                [
                    0,
                    0,
                    0,
                    1
                ]
            ]
        },
        {
            "file_path": "010.png",
            "camera_angle_x": 0.6981317007977318,
            "transform_matrix": [
                [
                    -0.9085423946380615,
                    0.2663004994392395,
                    -0.3219236135482788,
                    -0.6438471674919128
                ],
                [
                    -0.41779273748397827,
                    -0.5791036486625671,
                    0.7000630497932434,
                    1.4001259803771973
                ],
                [
                    8.553575625569465e-09,
                    0.7705342769622803,
                    0.6373986005783081,
                    1.2747972011566162
                ],
                [
                    0,
                    0,
                    0,
                    1
                ]
            ]
        },
        {
            "file_path": "011.png",
            "camera_angle_x": 0.6981317007977318,
            "transform_matrix": [
                [
                    0.9085423946380615,
                    -0.30343762040138245,
                    0.28718695044517517,
                    0.5743739604949951
                ],
                [
                    0.4177927076816559,
                    0.6598629951477051,
                    -0.6245238780975342,
                    -1.249047875404358
                ],
                [
                    -1.775221214472822e-08,
                    0.6873910427093506,
                    0.7262875437736511,
                    1.4525749683380127
                ],
                [
                    0,
                    0,
                    0,
                    1
                ]
            ]
        },
        {
            "file_path": "012.png",
            "camera_angle_x": 0.6981317007977318,
            "transform_matrix": [
                [
                    -0.9378605484962463,
                    -0.2828763425350189,
                    0.20099405944347382,
                    0.40198808908462524
                ],
                [
                    0.3470124304294586,
                    -0.7645217776298523,
                    0.5432208776473999,
                    1.0864416360855103
                ],
                [
                    -7.707152249736282e-09,
                    0.5792128443717957,
                    0.8151763677597046,
                    1.6303527355194092
                ],
                [
                    0,
                    0,
                    0,
                    1
                ]
            ]
        },
        {
            "file_path": "013.png",
            "camera_angle_x": 0.6981317007977318,
            "transform_matrix": [
                [
                    0.9378605484962463,
                    0.3137218952178955,
                    -0.14831116795539856,
                    -0.2966223657131195
                ],
                [
                    -0.3470124304294586,
                    0.8478870987892151,
                    -0.40083640813827515,
                    -0.8016727566719055
                ],
                [
                    -2.1559896090650454e-09,
                    0.42739444971084595,
                    0.9040652513504028,
                    1.8081305027008057
                ],
                [
                    0,
                    0,
                    0,
                    1
                ]
            ]
        },
        {
            "file_path": "014.png",
            "camera_angle_x": 0.6981317007977318,
            "transform_matrix": [
                [
                    -0.3470122814178467,
                    0.9312524795532227,
                    -0.11113584786653519,
                    -0.2222713977098465
                ],
                [
                    -0.9378604888916016,
                    -0.34456729888916016,
                    0.04112057760357857,
                    0.08224137127399445
                ],
                [
                    -1.4793967295645416e-07,
                    0.1184992790222168,
                    0.9929541349411011,
                    1.9859082698822021
                ],
                [
                    0,
                    0,
                    0,
                    1
                ]
            ]
        }
    ]
}