{
    "aabb": [
        [
            -0.5,
            -0.5,
            -0.5
        ],
        [
            0.5,
            0.5,
            0.5
        ]
    ],
    "scale": 0.015625,
    "offset": [
        -0.4921875,
        -0.484375,
        -0.4921875
    ],
    "frames": [
        {
            "file_path": "000.png",
            "camera_angle_x": 0.6981317007977318,
            "transform_matrix": [
                [
                    -0.9879770874977112,
                    0.12492721527814865,
                    0.09107576310634613,
                    0.18215152621269226
                ],
                [
                    0.15460143983364105,
                    0.7983445525169373,
                    0.5820175409317017,
                    1.1640350818634033
                ],
                [
                    -1.1172013536508985e-08,
                    0.5891003608703613,
                    -0.8080600500106812,
                    -1.6161197423934937
                ],
                [
                    0,
                    0,
                    0,
                    1
                ]
            ]
        },
        {
            "file_path": "001.png",
            "camera_angle_x": 0.6981317007977318,
            "transform_matrix": [
                [
                    0.9879769086837769,
                    -0.08370019495487213,
                    -0.12998418509960175,
                    -0.2599683701992035
                ],
                [
                    -0.15460145473480225,
                    -0.5348840951919556,
                    -0.830660879611969,
                    -1.661321759223938
                ],
                [
                    8.551769958842215e-09,
                    0.8407695293426514,
                    -0.5413932800292969,
                    -1.0827864408493042
                ],
                [
                    0,
                    0,
                    0,
                    1
                ]
            ]
        },
        {
            "file_path": "002.png",
            "camera_angle_x": 0.6981317007977318,
            "transform_matrix": [
                [
                    -0.15460141003131866,
                    -0.2714235186576843,
                    -0.9499620795249939,
                    -1.8999239206314087
                ],
                [
                    -0.9879770278930664,
                    0.04247288778424263,
                    0.14865262806415558,
                    0.29730549454689026
                ],
                [
                    -7.75853408185867e-08,
                    0.9615225195884705,
                    -0.27472665905952454,
                    -0.5494531393051147
                ],
                [
                    0,
                    0,
                    0,
                    1
                ]
            ]
        },
        {
            "file_path": "003.png",
            "camera_angle_x": 0.6981317007977318,
            "transform_matrix": [
                [
                    0.1546015590429306,
                    0.007962986826896667,
                    0.9879447817802429,
                    1.9758896827697754
                ],
                [
                    0.9879768490791321,
                    -0.0012459662975743413,
                    -0.1545964926481247,
                    -0.30919283628463745
                ],
                [
                    -5.6180528673621666e-08,
                    0.9999674558639526,
                    -0.008059834130108356,
                    -0.01611979492008686
                ],
                [
                    0,
                    0,
                    0,
                    1
                ]
            ]
        },
        {
            "file_path": "004.png",
            "camera_angle_x": 0.6981317007977318,
            "transform_matrix": [
                [
                    -0.8079250454902649,
                    0.05079770088195801,
                    -0.5870919823646545,
                    -1.1741838455200195
                ],
                [
                    -0.5892854928970337,
                    -0.069644995033741,
                    0.8049176335334778,
                    1.6098350286483765
                ],
                [
                    -3.661380532093972e-09,
                    0.9962777495384216,
                    0.08620212227106094,
                    0.17240451276302338
                ],
                [
                    0,
                    0,
                    0,
                    1
                ]
            ]
        },
        {
            "file_path": "005.png",
            "camera_angle_x": 0.6981317007977318,
            "transform_matrix": [
                [
                    0.8079248666763306,
                    -0.10317867249250412,
                    0.5801823139190674,
                    1.1603646278381348
                ],
                [
                    0.5892854928970337,
                    0.14146041870117188,
                    -0.7954442501068115,
                    -1.590888500213623
                ],
                [
                    3.350283250824759e-08,
                    0.984552264213562,
                    0.17509108781814575,
                    0.35018229484558105
                ],
                [
                    0,
                    0,
                    0,
                    1
                ]
            ]
        },
        {
            "file_path": "006.png",
            "camera_angle_x": 0.6981317007977318,
            "transform_matrix": [
                [
                    0.5892853736877441,
                    0.21327604353427887,
                    -0.7792664170265198,
                    -1.5585325956344604
                ],
                [
                    -0.8079250454902649,
                    0.15555943548679352,
                    -0.5683824419975281,
                    -1.1367647647857666
                ],
                [
                    -3.173732210370872e-08,
                    0.9645282626152039,
                    0.2639799118041992,
                    0.5279600620269775
                ],
                [
                    0,
                    0,
                    0,
                    1
                ]
            ]
        },
        {
            "file_path": "007.png",
            "camera_angle_x": 0.6981317007977318,
            "transform_matrix": [
                [
                    -0.5892856121063232,
                    -0.2850915789604187,
                    0.755953311920166,
                    1.511906623840332
                ],
                [
                    0.8079248666763306,
                    -0.20794062316417694,
                    0.5513784289360046,
                    1.1027567386627197
                ],
                [
                    6.621259984740391e-09,
                    0.9356728196144104,
                    0.352868914604187,
                    0.705737829208374
                ],
                [
                    0,
                    0,
                    0,
                    1
                ]
            ]
        },
        {
            "file_path": "008.png",
            "camera_angle_x": 0.6981317007977318,
            "transform_matrix": [
                [
                    -0.9719351530075073,
                    0.10392320156097412,
                    -0.21105019748210907,
                    -0.4221004247665405
                ],
                [
                    -0.23524926602840424,
                    -0.429360032081604,
                    0.8719563484191895,
                    1.743912696838379
                ],
                [
                    -1.2276023753088339e-08,
                    0.8971343636512756,
                    0.44175785779953003,
                    0.8835155963897705
                ],
                [
                    0,
                    0,
                    0,
                    1
                ]
            ]
        },
        {
            "file_path": "009.png",
            "camera_angle_x": 0.6981317007977318,
            "transform_matrix": [
                [
                    0.9719350337982178,
                    -0.12483431398868561,
                    0.19939574599266052,
                    0.3987913429737091
                ],
                [
                    0.2352493703365326,
                    0.515753984451294,
                    -0.8238056898117065,
                    -1.6476109027862549
                ],
                [
                    2.0490880103807285e-08,
                    0.8475933074951172,
                    0.530646562576294,
                    1.061293363571167
                ],
                [
                    0,
                    0,
                    0,
                    1
                ]
            ]
        },
        {
            "file_path": "010.png",
            "camera_angle_x": 0.6981317007977318,
            "transform_matrix": [
                [
                    0.23524920642375946,
                    0.6021484136581421,
                    -0.7629384994506836,
                    -1.5258769989013672
                ],
                [
                    -0.9719351530075073,
                    0.14574523270130157,
                    -0.1846632957458496,
                    -0.3693265914916992
                ],
                [
                    2.2444979208557925e-09,
                    0.7849686145782471,
                    0.6195355653762817,
                    1.2390711307525635
                ],
                [
                    0,
                    0,
                    0,
                    1
                ]
            ]
        },
        {
            "file_path": "011.png",
            "camera_angle_x": 0.6981317007977318,
            "transform_matrix": [
                [
                    -0.23524945974349976,
                    -0.6885426044464111,
                    0.685978889465332,
                    1.371957540512085
                ],
                [
                    0.9719351530075073,
                    -0.16665653884410858,
                    0.16603581607341766,
                    0.33207160234451294
                ],
                [
                    7.69580381643209e-08,
                    0.7057867050170898,
                    0.70842444896698,
                    1.41684889793396
                ],
                [
                    0,
                    0,
                    0,
                    1
                ]
            ]
        },
        {
            "file_path": "012.png",
            "camera_angle_x": 0.6981317007977318,
            "transform_matrix": [
                [
                    -0.5209159851074219,
                    0.6805934309959412,
                    -0.5152086019515991,
                    -1.0304170846939087
                ],
                [
                    -0.8536084294319153,
                    -0.4153333604335785,
                    0.31440672278404236,
                    0.6288133263587952
                ],
                [
                    -3.827105743425818e-08,
                    0.6035656929016113,
                    0.7973133325576782,
                    1.594626784324646
                ],
                [
                    0,
                    0,
                    0,
                    1
                ]
            ]
        },
        {
            "file_path": "013.png",
            "camera_angle_x": 0.6981317007977318,
            "transform_matrix": [
                [
                    0.5209155082702637,
                    -0.7564696073532104,
                    0.39547544717788696,
                    0.7909509539604187
                ],
                [
                    0.853608250617981,
                    0.4616365134716034,
                    -0.24133934080600739,
                    -0.4826788306236267
                ],
                [
                    -4.6595690861295225e-08,
                    0.463298499584198,
                    0.8862022757530212,
                    1.7724045515060425
                ],
                [
                    0,
                    0,
                    0,
                    1
                ]
            ]
        },
        {
            "file_path": "014.png",
            "camera_angle_x": 0.6981317007977318,
            "transform_matrix": [
                [
                    0.853608250617981,
                    0.5079401135444641,
                    -0.11554142832756042,
                    -0.23108285665512085
                ],
                [
                    -0.5209155082702637,
                    0.8323458433151245,
                    -0.1893342137336731,
                    -0.3786683976650238
                ],
                [
                    -6.389995643729662e-09,
                    0.22180457413196564,
                    0.9750911593437195,
                    1.950182318687439
                ],
                [
                    0,
                    0,
                    0,
                    1
                ]
            ]
        }
    ]
}