{
    "aabb": [
        [
            -0.5,
            -0.5,
            -0.5
        ],
        [
            0.5,
            0.5,
            0.5
        ]
    ],
    "scale": 0.015625,
    "offset": [
        -0.4921875,
        -0.4921875,
        -0.4921875
    ],
    "frames": [
        {
            "file_path": "000.png",
            "camera_angle_x": 0.6981317007977318,
            "transform_matrix": [
                [
                    -0.23299455642700195,
                    -0.9393918514251709,
                    -0.25150981545448303,
                    -0.503019392490387
                ],
                [
                    -0.9724783897399902,
                    0.22506685554981232,
                    0.060258835554122925,
                    0.1205175444483757
                ],
                [
                    -6.251230644238603e-08,
                    0.2586277723312378,
                    -0.9659776091575623,
                    -1.9319541454315186
                ],
                [
                    0,
                    0,
                    0,
                    1
                ]
            ]
        },
        {
            "file_path": "001.png",
            "camera_angle_x": 0.6981317007977318,
            "transform_matrix": [
                [
                    0.2329942137002945,
                    0.6800641417503357,
                    0.6951450109481812,
                    1.3902899026870728
                ],
                [
                    0.9724781513214111,
                    -0.1629353165626526,
                    -0.16654853522777557,
                    -0.3330971598625183
                ],
                [
                    -4.0241378229666225e-08,
                    0.7148181200027466,
                    -0.6993104815483093,
                    -1.398620843887329
                ],
                [
                    0,
                    0,
                    0,
                    1
                ]
            ]
        },
        {
            "file_path": "002.png",
            "camera_angle_x": 0.6981317007977318,
            "transform_matrix": [
                [
                    0.9724780917167664,
                    -0.10080356895923615,
                    -0.21005955338478088,
                    -0.4201190769672394
                ],
                [
                    -0.23299436271190643,
                    -0.42073675990104675,
                    -0.8767522573471069,
                    -1.7535042762756348
                ],
                [
                    3.532839798481291e-09,
                    0.9015650749206543,
                    -0.43264392018318176,
                    -0.8652875423431396
                ],
                [
                    0,
                    0,
                    0,
                    1
                ]
            ]
        },
        {
            "file_path": "003.png",
            "camera_angle_x": 0.6981317007977318,
            "transform_matrix": [
                [
                    -0.9724782109260559,
                    0.038671720772981644,
                    0.22976261377334595,
                    0.4595252275466919
                ],
                [
                    0.23299433290958405,
                    0.16140908002853394,
                    0.9589895009994507,
                    1.9179788827896118
                ],
                [
                    -1.0530787797335961e-08,
                    0.986129641532898,
                    -0.16597718000411987,
                    -0.3319542109966278
                ],
                [
                    0,
                    0,
                    0,
                    1
                ]
            ]
        },
        {
            "file_path": "004.png",
            "camera_angle_x": 0.6981317007977318,
            "transform_matrix": [
                [
                    0.5228939652442932,
                    0.028609171509742737,
                    -0.8519175052642822,
                    -1.7038350105285645
                ],
                [
                    -0.8523977994918823,
                    0.01754988357424736,
                    -0.522599458694458,
                    -1.0451987981796265
                ],
                [
                    -2.229136697451395e-08,
                    0.9994366765022278,
                    0.03356308490037918,
                    0.06712637841701508
                ],
                [
                    0,
                    0,
                    0,
                    1
                ]
            ]
        },
        {
            "file_path": "005.png",
            "camera_angle_x": 0.6981317007977318,
            "transform_matrix": [
                [
                    -0.5228939056396484,
                    -0.10437788814306259,
                    0.8459829092025757,
                    1.691965937614441
                ],
                [
                    0.8523976802825928,
                    -0.06402941793203354,
                    0.5189588665962219,
                    1.0379177331924438
                ],
                [
                    -1.1119002607529183e-08,
                    0.992474377155304,
                    0.12245211750268936,
                    0.24490416049957275
                ],
                [
                    0,
                    0,
                    0,
                    1
                ]
            ]
        },
        {
            "file_path": "006.png",
            "camera_angle_x": 0.6981317007977318,
            "transform_matrix": [
                [
                    0.8523977398872375,
                    -0.11050888150930405,
                    0.5110830664634705,
                    1.022166132926941
                ],
                [
                    0.5228939652442932,
                    0.18014651536941528,
                    -0.8331441283226013,
                    -1.6662882566452026
                ],
                [
                    -9.12537423403137e-09,
                    0.9774124026298523,
                    0.21134090423583984,
                    0.42268192768096924
                ],
                [
                    0,
                    0,
                    0,
                    1
                ]
            ]
        },
        {
            "file_path": "007.png",
            "camera_angle_x": 0.6981317007977318,
            "transform_matrix": [
                [
                    -0.8523977994918823,
                    0.15698838233947754,
                    -0.4987713098526001,
                    -0.9975425004959106
                ],
                [
                    -0.522894024848938,
                    -0.25591525435447693,
                    0.813073992729187,
                    1.626147985458374
                ],
                [
                    1.3934787546077132e-08,
                    0.9538669586181641,
                    0.3002297878265381,
                    0.6004596948623657
                ],
                [
                    0,
                    0,
                    0,
                    1
                ]
            ]
        },
        {
            "file_path": "008.png",
            "camera_angle_x": 0.6981317007977318,
            "transform_matrix": [
                [
                    0.15689244866371155,
                    0.3842998147010803,
                    -0.9097793102264404,
                    -1.8195586204528809
                ],
                [
                    -0.987615704536438,
                    0.06104975566267967,
                    -0.144527405500412,
                    -0.2890549302101135
                ],
                [
                    -2.988350900068326e-08,
                    0.9211876392364502,
                    0.3891187608242035,
                    0.7782374620437622
                ],
                [
                    0,
                    0,
                    0,
                    1
                ]
            ]
        },
        {
            "file_path": "009.png",
            "camera_angle_x": 0.6981317007977318,
            "transform_matrix": [
                [
                    -0.1568925827741623,
                    -0.4720878303050995,
                    0.8674778938293457,
                    1.7349556684494019
                ],
                [
                    0.987615704536438,
                    -0.07499587535858154,
                    0.1378074586391449,
                    0.2756149172782898
                ],
                [
                    1.2329852694392684e-08,
                    0.8783556818962097,
                    0.47800761461257935,
                    0.9560152888298035
                ],
                [
                    0,
                    0,
                    0,
                    1
                ]
            ]
        },
        {
            "file_path": "010.png",
            "camera_angle_x": 0.6981317007977318,
            "transform_matrix": [
                [
                    0.987615704536438,
                    -0.08894185721874237,
                    0.12924635410308838,
                    0.25849270820617676
                ],
                [
                    0.1568925678730011,
                    0.5598758459091187,
                    -0.8135870099067688,
                    -1.627173900604248
                ],
                [
                    2.3342746402477133e-08,
                    0.8237890601158142,
                    0.5668964982032776,
                    1.1337929964065552
                ],
                [
                    0,
                    0,
                    0,
                    1
                ]
            ]
        },
        {
            "file_path": "011.png",
            "camera_angle_x": 0.6981317007977318,
            "transform_matrix": [
                [
                    -0.9876156449317932,
                    0.1028878316283226,
                    -0.11844561994075775,
                    -0.2368912249803543
                ],
                [
                    -0.1568925380706787,
                    -0.6476638913154602,
                    0.7455978989601135,
                    1.4911956787109375
                ],
                [
                    3.967157269357813e-09,
                    0.7549474239349365,
                    0.655785322189331,
                    1.3115707635879517
                ],
                [
                    0,
                    0,
                    0,
                    1
                ]
            ]
        },
        {
            "file_path": "012.png",
            "camera_angle_x": 0.6981317007977318,
            "transform_matrix": [
                [
                    0.8092895150184631,
                    0.4374291002750397,
                    -0.39205384254455566,
                    -0.7841077446937561
                ],
                [
                    -0.5874099731445312,
                    0.6026571393013,
                    -0.5401425361633301,
                    -1.0802850723266602
                ],
                [
                    -7.713807370635095e-09,
                    0.6674280166625977,
                    0.7446743249893188,
                    1.4893486499786377
                ],
                [
                    0,
                    0,
                    0,
                    1
                ]
            ]
        },
        {
            "file_path": "013.png",
            "camera_angle_x": 0.6981317007977318,
            "transform_matrix": [
                [
                    -0.8092896342277527,
                    -0.4896433353424072,
                    0.3244994282722473,
                    0.6489988565444946
                ],
                [
                    0.5874099731445312,
                    -0.6745940446853638,
                    0.4470710754394531,
                    0.8941420912742615
                ],
                [
                    2.718656411104803e-09,
                    0.5524241328239441,
                    0.8335632085800171,
                    1.6671264171600342
                ],
                [
                    0,
                    0,
                    0,
                    1
                ]
            ]
        },
        {
            "file_path": "014.png",
            "camera_angle_x": 0.6981317007977318,
            "transform_matrix": [
                [
                    0.5874098539352417,
                    -0.7465309500694275,
                    0.3124760687351227,
                    0.6249521374702454
                ],
                [
                    0.8092896342277527,
                    0.5418574810028076,
                    -0.22680576145648956,
                    -0.4536115825176239
                ],
                [
                    -3.2931524174273363e-09,
                    0.3861115872859955,
                    0.9224520921707153,
                    1.8449041843414307
                ],
                [
                    0,
                    0,
                    0,
                    1
                ]
            ]
        }
    ]
}