{
    "aabb": [
        [
            -0.5,
            -0.5,
            -0.5
        ],
        [
            0.5,
            0.5,
            0.5
        ]
    ],
    "scale": 0.015625,
    "offset": [
        -0.4921875,
        -0.4921875,
        -0.4921875
    ],
    "frames": [
        {
            "file_path": "000.png",
            "camera_angle_x": 0.6981317007977318,
            "transform_matrix": [
                [
                    -0.9268704652786255,
                    -0.3224699795246124,
                    -0.19215701520442963,
                    -0.3843139708042145
                ],
                [
                    -0.3753814101219177,
                    0.7962245345115662,
                    0.47446319460868835,
                    0.9489262700080872
                ],
                [
                    -6.8626944127458955e-09,
                    0.5118981003761292,
                    -0.859046220779419,
                    -1.718092441558838
                ],
                [
                    0,
                    0,
                    0,
                    1
                ]
            ]
        },
        {
            "file_path": "001.png",
            "camera_angle_x": 0.6981317007977318,
            "transform_matrix": [
                [
                    0.9268704652786255,
                    0.2223682552576065,
                    0.3024294078350067,
                    0.6048587560653687
                ],
                [
                    0.37538138031959534,
                    -0.5490592122077942,
                    -0.7467415928840637,
                    -1.493483066558838
                ],
                [
                    1.015703787743405e-08,
                    0.8056590557098389,
                    -0.5923796892166138,
                    -1.1847591400146484
                ],
                [
                    0,
                    0,
                    0,
                    1
                ]
            ]
        },
        {
            "file_path": "002.png",
            "camera_angle_x": 0.6981317007977318,
            "transform_matrix": [
                [
                    0.37538132071495056,
                    -0.3018936514854431,
                    -0.8763271570205688,
                    -1.7526540756225586
                ],
                [
                    -0.926870584487915,
                    -0.1222667545080185,
                    -0.3549114763736725,
                    -0.7098227143287659
                ],
                [
                    -8.713641364010982e-09,
                    0.9454689025878906,
                    -0.32571306824684143,
                    -0.6514257788658142
                ],
                [
                    0,
                    0,
                    0,
                    1
                ]
            ]
        },
        {
            "file_path": "003.png",
            "camera_angle_x": 0.6981317007977318,
            "transform_matrix": [
                [
                    -0.3753814399242401,
                    0.05472816526889801,
                    0.9252533316612244,
                    1.8505065441131592
                ],
                [
                    0.9268705248832703,
                    0.022164709866046906,
                    0.37472644448280334,
                    0.7494528293609619
                ],
                [
                    7.050224581917064e-08,
                    0.9982553124427795,
                    -0.05904620885848999,
                    -0.11809244751930237
                ],
                [
                    0,
                    0,
                    0,
                    1
                ]
            ]
        },
        {
            "file_path": "004.png",
            "camera_angle_x": 0.6981317007977318,
            "transform_matrix": [
                [
                    -0.38996174931526184,
                    0.06372775137424469,
                    -0.9186232686042786,
                    -1.8372465372085571
                ],
                [
                    -0.9208310842514038,
                    -0.026988046243786812,
                    0.3890267312526703,
                    0.778053343296051
                ],
                [
                    -1.9514899918249284e-08,
                    0.9976023435592651,
                    0.06920675188302994,
                    0.13841362297534943
                ],
                [
                    0,
                    0,
                    0,
                    1
                ]
            ]
        },
        {
            "file_path": "005.png",
            "camera_angle_x": 0.6981317007977318,
            "transform_matrix": [
                [
                    0.3899615406990051,
                    -0.1455794870853424,
                    0.9092506766319275,
                    1.8185011148452759
                ],
                [
                    0.9208312630653381,
                    0.06165110319852829,
                    -0.3850574791431427,
                    -0.7701148390769958
                ],
                [
                    4.585317014971224e-09,
                    0.9874239563941956,
                    0.158095583319664,
                    0.3161914050579071
                ],
                [
                    0,
                    0,
                    0,
                    1
                ]
            ]
        },
        {
            "file_path": "006.png",
            "camera_angle_x": 0.6981317007977318,
            "transform_matrix": [
                [
                    0.9208310842514038,
                    0.09631451219320297,
                    -0.3778805434703827,
                    -0.7557608485221863
                ],
                [
                    -0.38996177911758423,
                    0.2274308055639267,
                    -0.8923033475875854,
                    -1.7846063375473022
                ],
                [
                    -3.8464396112658505e-08,
                    0.9690195918083191,
                    0.2469843178987503,
                    0.4939691722393036
                ],
                [
                    0,
                    0,
                    0,
                    1
                ]
            ]
        },
        {
            "file_path": "007.png",
            "camera_angle_x": 0.6981317007977318,
            "transform_matrix": [
                [
                    -0.920831024646759,
                    -0.1309777945280075,
                    0.3673076331615448,
                    0.7346153259277344
                ],
                [
                    0.3899616599082947,
                    -0.30928274989128113,
                    0.8673372864723206,
                    1.7346746921539307
                ],
                [
                    -3.153743044492785e-09,
                    0.9419070482254028,
                    0.335873544216156,
                    0.6717469692230225
                ],
                [
                    0,
                    0,
                    0,
                    1
                ]
            ]
        },
        {
            "file_path": "008.png",
            "camera_angle_x": 0.6981317007977318,
            "transform_matrix": [
                [
                    -0.7126644253730774,
                    0.29797300696372986,
                    -0.6350760459899902,
                    -1.2701520919799805
                ],
                [
                    -0.701505184173584,
                    -0.3027130365371704,
                    0.6451785564422607,
                    1.2903571128845215
                ],
                [
                    1.1329603921694797e-08,
                    0.9053049087524414,
                    0.4247623682022095,
                    0.849524736404419
                ],
                [
                    0,
                    0,
                    0,
                    1
                ]
            ]
        },
        {
            "file_path": "009.png",
            "camera_angle_x": 0.6981317007977318,
            "transform_matrix": [
                [
                    0.7126644253730774,
                    -0.3603290021419525,
                    0.6018907427787781,
                    1.2037814855575562
                ],
                [
                    0.7015051245689392,
                    0.36606091260910034,
                    -0.6114654541015625,
                    -1.2229307889938354
                ],
                [
                    1.5212153314791976e-08,
                    0.8579991459846497,
                    0.5136511921882629,
                    1.0273025035858154
                ],
                [
                    0,
                    0,
                    0,
                    1
                ]
            ]
        },
        {
            "file_path": "010.png",
            "camera_angle_x": 0.6981317007977318,
            "transform_matrix": [
                [
                    0.7015051245689392,
                    0.4294089674949646,
                    -0.5687693357467651,
                    -1.1375386714935303
                ],
                [
                    -0.7126644849777222,
                    0.4226849377155304,
                    -0.559863269329071,
                    -1.1197264194488525
                ],
                [
                    -2.9793984168691168e-08,
                    0.7980886697769165,
                    0.602540135383606,
                    1.205080270767212
                ],
                [
                    0,
                    0,
                    0,
                    1
                ]
            ]
        },
        {
            "file_path": "011.png",
            "camera_angle_x": 0.6981317007977318,
            "transform_matrix": [
                [
                    -0.7015050053596497,
                    -0.4927569031715393,
                    0.5148604512214661,
                    1.0297207832336426
                ],
                [
                    0.7126644849777222,
                    -0.48504090309143066,
                    0.5067983865737915,
                    1.0135968923568726
                ],
                [
                    -3.114590541031248e-08,
                    0.7224443554878235,
                    0.6914290189743042,
                    1.3828580379486084
                ],
                [
                    0,
                    0,
                    0,
                    1
                ]
            ]
        },
        {
            "file_path": "012.png",
            "camera_angle_x": 0.6981317007977318,
            "transform_matrix": [
                [
                    -0.007890855893492699,
                    0.7802936434745789,
                    -0.6253635883331299,
                    -1.2507271766662598
                ],
                [
                    -0.9999688863754272,
                    -0.006157387513667345,
                    0.0049347784370183945,
                    0.009869544766843319
                ],
                [
                    -4.146187393416767e-09,
                    0.6253830790519714,
                    0.7803179025650024,
                    1.5606358051300049
                ],
                [
                    0,
                    0,
                    0,
                    1
                ]
            ]
        },
        {
            "file_path": "013.png",
            "camera_angle_x": 0.6981317007977318,
            "transform_matrix": [
                [
                    0.007890811190009117,
                    -0.8691797256469727,
                    0.49443334341049194,
                    0.9888666272163391
                ],
                [
                    0.9999688863754272,
                    0.006858739070594311,
                    -0.003901615971699357,
                    -0.007803191896528006
                ],
                [
                    1.2705733354323456e-08,
                    0.4944487512111664,
                    0.8692067861557007,
                    1.7384135723114014
                ],
                [
                    0,
                    0,
                    0,
                    1
                ]
            ]
        },
        {
            "file_path": "014.png",
            "camera_angle_x": 0.6981317007977318,
            "transform_matrix": [
                [
                    0.9999688863754272,
                    0.007560141384601593,
                    -0.0022603056859225035,
                    -0.0045206123031675816
                ],
                [
                    -0.007890799082815647,
                    0.9580658674240112,
                    -0.28643929958343506,
                    -0.5728787779808044
                ],
                [
                    2.1003369876648748e-10,
                    0.286448210477829,
                    0.9580957293510437,
                    1.9161914587020874
                ],
                [
                    0,
                    0,
                    0,
                    1
                ]
            ]
        }
    ]
}