{
    "aabb": [
        [
            -0.5,
            -0.5,
            -0.5
        ],
        [
            0.5,
            0.5,
            0.5
        ]
    ],
    "scale": 0.01639344262295082,
    "offset": [
        -0.5163934230804443,
        -0.5163934230804443,
        -0.49180325865745544
    ],
    "frames": [
        {
            "file_path": "000.png",
            "camera_angle_x": 0.6981317007977318,
            "transform_matrix": [
                [
                    0.8336489796638489,
                    0.49053508043289185,
                    0.2537810504436493,
                    0.507561981678009
                ],
                [
                    0.5522947311401367,
                    -0.7404276728630066,
                    -0.3830641806125641,
                    -0.7661283016204834
                ],
                [
                    3.120412728208066e-08,
                    0.4595029950141907,
                    -0.888176679611206,
                    -1.7763525247573853
                ],
                [
                    0,
                    0,
                    0,
                    1
                ]
            ]
        },
        {
            "file_path": "001.png",
            "camera_angle_x": 0.6981317007977318,
            "transform_matrix": [
                [
                    -0.8336490988731384,
                    -0.3432564437389374,
                    -0.4326712489128113,
                    -0.8653424382209778
                ],
                [
                    -0.5522946715354919,
                    0.5181208252906799,
                    0.6530861258506775,
                    1.3061721324920654
                ],
                [
                    -2.146803623759297e-08,
                    0.7834066152572632,
                    -0.6215097308158875,
                    -1.2430192232131958
                ],
                [
                    0,
                    0,
                    0,
                    1
                ]
            ]
        },
        {
            "file_path": "002.png",
            "camera_angle_x": 0.6981317007977318,
            "transform_matrix": [
                [
                    -0.5522946119308472,
                    0.2958144545555115,
                    0.779400110244751,
                    1.5588001012802124
                ],
                [
                    0.8336490392684937,
                    0.19597771763801575,
                    0.5163545608520508,
                    1.0327091217041016
                ],
                [
                    8.517193350598973e-08,
                    0.9349259734153748,
                    -0.3548429012298584,
                    -0.7096858620643616
                ],
                [
                    0,
                    0,
                    0,
                    1
                ]
            ]
        },
        {
            "file_path": "003.png",
            "camera_angle_x": 0.6981317007977318,
            "transform_matrix": [
                [
                    0.5522945523262024,
                    -0.07350805401802063,
                    -0.8304018974304199,
                    -1.6608036756515503
                ],
                [
                    -0.8336490392684937,
                    -0.04869935289025307,
                    -0.5501433610916138,
                    -1.1002867221832275
                ],
                [
                    -4.4470549909192414e-08,
                    0.996104896068573,
                    -0.08817632496356964,
                    -0.17635251581668854
                ],
                [
                    0,
                    0,
                    0,
                    1
                ]
            ]
        },
        {
            "file_path": "004.png",
            "camera_angle_x": 0.6981317007977318,
            "transform_matrix": [
                [
                    0.1989474892616272,
                    -0.0583074577152729,
                    0.9782741069793701,
                    1.9565480947494507
                ],
                [
                    0.9800102114677429,
                    0.01183659490197897,
                    -0.19859512150287628,
                    -0.39719030261039734
                ],
                [
                    8.567563725137006e-08,
                    0.9982285499572754,
                    0.05949671193957329,
                    0.1189936026930809
                ],
                [
                    0,
                    0,
                    0,
                    1
                ]
            ]
        },
        {
            "file_path": "005.png",
            "camera_angle_x": 0.6981317007977318,
            "transform_matrix": [
                [
                    -0.19894762337207794,
                    0.1454194039106369,
                    -0.9691610336303711,
                    -1.9383219480514526
                ],
                [
                    -0.9800101518630981,
                    -0.0295210350304842,
                    0.1967451423406601,
                    0.3934902846813202
                ],
                [
                    -3.8138061597692285e-08,
                    0.9889296293258667,
                    0.14838556945323944,
                    0.296771377325058
                ],
                [
                    0,
                    0,
                    0,
                    1
                ]
            ]
        },
        {
            "file_path": "006.png",
            "camera_angle_x": 0.6981317007977318,
            "transform_matrix": [
                [
                    -0.9800105690956116,
                    -0.047205228358507156,
                    0.19326621294021606,
                    0.38653233647346497
                ],
                [
                    0.19894763827323914,
                    -0.23253189027309418,
                    0.9520238041877747,
                    1.9040472507476807
                ],
                [
                    9.959313373997247e-09,
                    0.9714428186416626,
                    0.23727451264858246,
                    0.47454917430877686
                ],
                [
                    0,
                    0,
                    0,
                    1
                ]
            ]
        },
        {
            "file_path": "007.png",
            "camera_angle_x": 0.6981317007977318,
            "transform_matrix": [
                [
                    0.9800101518630981,
                    0.06488944590091705,
                    -0.18806788325309753,
                    -0.37613561749458313
                ],
                [
                    -0.19894765317440033,
                    0.3196432590484619,
                    -0.9264169931411743,
                    -1.8528333902359009
                ],
                [
                    -3.530156167386167e-09,
                    0.9453136920928955,
                    0.3261632025241852,
                    0.6523269414901733
                ],
                [
                    0,
                    0,
                    0,
                    1
                ]
            ]
        },
        {
            "file_path": "008.png",
            "camera_angle_x": 0.6981317007977318,
            "transform_matrix": [
                [
                    0.5588372349739075,
                    -0.3441934287548065,
                    0.7544745206832886,
                    1.5089489221572876
                ],
                [
                    0.8292773365974426,
                    0.2319466918706894,
                    -0.5084287524223328,
                    -1.0168575048446655
                ],
                [
                    -2.9077266816557312e-08,
                    0.9097975492477417,
                    0.41505226492881775,
                    0.8301047086715698
                ],
                [
                    0,
                    0,
                    0,
                    1
                ]
            ]
        },
        {
            "file_path": "009.png",
            "camera_angle_x": 0.6981317007977318,
            "transform_matrix": [
                [
                    -0.5588372945785522,
                    0.41790714859962463,
                    -0.7162783145904541,
                    -1.4325566291809082
                ],
                [
                    -0.8292773962020874,
                    -0.28162121772766113,
                    0.48268890380859375,
                    0.9653778672218323
                ],
                [
                    -2.912001306754064e-09,
                    0.863737940788269,
                    0.5039412975311279,
                    1.0078824758529663
                ],
                [
                    0,
                    0,
                    0,
                    1
                ]
            ]
        },
        {
            "file_path": "010.png",
            "camera_angle_x": 0.6981317007977318,
            "transform_matrix": [
                [
                    -0.8292773962020874,
                    -0.33129554986953735,
                    0.45004701614379883,
                    0.9000940322875977
                ],
                [
                    0.5588372349739075,
                    -0.49162065982818604,
                    0.6678398847579956,
                    1.3356797695159912
                ],
                [
                    1.4982649787498303e-08,
                    0.8053275346755981,
                    0.5928301811218262,
                    1.1856602430343628
                ],
                [
                    0,
                    0,
                    0,
                    1
                ]
            ]
        },
        {
            "file_path": "011.png",
            "camera_angle_x": 0.6981317007977318,
            "transform_matrix": [
                [
                    0.8292773365974426,
                    0.3809700012207031,
                    -0.4088532328605652,
                    -0.8177064061164856
                ],
                [
                    -0.5588372945785522,
                    0.565334141254425,
                    -0.6067109704017639,
                    -1.2134219408035278
                ],
                [
                    2.199520920953546e-08,
                    0.7316140532493591,
                    0.6817190647125244,
                    1.3634380102157593
                ],
                [
                    0,
                    0,
                    0,
                    1
                ]
            ]
        },
        {
            "file_path": "012.png",
            "camera_angle_x": 0.6981317007977318,
            "transform_matrix": [
                [
                    -0.19123010337352753,
                    -0.7563865184783936,
                    0.6255481839179993,
                    1.251096248626709
                ],
                [
                    0.9815452694892883,
                    -0.14736346900463104,
                    0.12187271565198898,
                    0.24374546110630035
                ],
                [
                    6.377344163865928e-08,
                    0.6373095512390137,
                    0.7706078886985779,
                    1.5412157773971558
                ],
                [
                    0,
                    0,
                    0,
                    1
                ]
            ]
        },
        {
            "file_path": "013.png",
            "camera_angle_x": 0.6981317007977318,
            "transform_matrix": [
                [
                    0.19122982025146484,
                    0.8436351418495178,
                    -0.5017082691192627,
                    -1.0034162998199463
                ],
                [
                    -0.9815453886985779,
                    0.1643614023923874,
                    -0.09774551540613174,
                    -0.19549107551574707
                ],
                [
                    -5.6291717953627085e-09,
                    0.5111412405967712,
                    0.8594967722892761,
                    1.7189936637878418
                ],
                [
                    0,
                    0,
                    0,
                    1
                ]
            ]
        },
        {
            "file_path": "014.png",
            "camera_angle_x": 0.6981317007977318,
            "transform_matrix": [
                [
                    -0.9815453886985779,
                    0.18135984241962433,
                    -0.06064270809292793,
                    -0.12128543108701706
                ],
                [
                    -0.19123004376888275,
                    -0.9308836460113525,
                    0.31126677989959717,
                    0.6225336790084839
                ],
                [
                    -7.689040515401757e-09,
                    0.31711912155151367,
                    0.9483857154846191,
                    1.8967714309692383
                ],
                [
                    0,
                    0,
                    0,
                    1
                ]
            ]
        }
    ]
}