{
    "aabb": [
        [
            -0.5,
            -0.5,
            -0.5
        ],
        [
            0.5,
            0.5,
            0.5
        ]
    ],
    "scale": 0.01639344262295082,
    "offset": [
        -0.5163934230804443,
        -0.5163934230804443,
        -0.49180325865745544
    ],
    "frames": [
        {
            "file_path": "000.png",
            "camera_angle_x": 0.6981317007977318,
            "transform_matrix": [
                [
                    -0.4637020230293274,
                    -0.8489300608634949,
                    -0.25357112288475037,
                    -0.5071421265602112
                ],
                [
                    -0.8859912753105164,
                    0.4443051517009735,
                    0.13271178305149078,
                    0.26542341709136963
                ],
                [
                    -4.422531674208585e-08,
                    0.28620052337646484,
                    -0.9581698179244995,
                    -1.9163395166397095
                ],
                [
                    0,
                    0,
                    0,
                    1
                ]
            ]
        },
        {
            "file_path": "001.png",
            "camera_angle_x": 0.6981317007977318,
            "transform_matrix": [
                [
                    0.46370193362236023,
                    0.6126657724380493,
                    0.6400166153907776,
                    1.2800331115722656
                ],
                [
                    0.8859912753105164,
                    -0.32065144181251526,
                    -0.3349659740924835,
                    -0.6699320673942566
                ],
                [
                    2.8763519566155082e-08,
                    0.7223734855651855,
                    -0.6915032267570496,
                    -1.38300621509552
                ],
                [
                    0,
                    0,
                    0,
                    1
                ]
            ]
        },
        {
            "file_path": "002.png",
            "camera_angle_x": 0.6981317007977318,
            "transform_matrix": [
                [
                    0.8859912157058716,
                    -0.1969975233078003,
                    -0.4197755455970764,
                    -0.8395511507987976
                ],
                [
                    -0.463701993227005,
                    -0.3764013648033142,
                    -0.8020612001419067,
                    -1.6041227579116821
                ],
                [
                    -5.7891696769729606e-08,
                    0.905269980430603,
                    -0.4248364269733429,
                    -0.8496729135513306
                ],
                [
                    0,
                    0,
                    0,
                    1
                ]
            ]
        },
        {
            "file_path": "003.png",
            "camera_angle_x": 0.6981317007977318,
            "transform_matrix": [
                [
                    -0.8859912157058716,
                    0.07334364205598831,
                    0.4578648805618286,
                    0.9157297611236572
                ],
                [
                    0.463701993227005,
                    0.14013704657554626,
                    0.8748382925987244,
                    1.7496765851974487
                ],
                [
                    -9.984919557837202e-10,
                    0.9874119162559509,
                    -0.15816979110240936,
                    -0.31633955240249634
                ],
                [
                    0,
                    0,
                    0,
                    1
                ]
            ]
        },
        {
            "file_path": "004.png",
            "camera_angle_x": 0.6981317007977318,
            "transform_matrix": [
                [
                    0.2986035645008087,
                    0.03451564162969589,
                    -0.9537529349327087,
                    -1.907505750656128
                ],
                [
                    -0.9543772339820862,
                    0.010799127630889416,
                    -0.29840824007987976,
                    -0.5968164801597595
                ],
                [
                    -2.0921390841976972e-08,
                    0.9993458390235901,
                    0.03616557642817497,
                    0.0723312646150589
                ],
                [
                    0,
                    0,
                    0,
                    1
                ]
            ]
        },
        {
            "file_path": "005.png",
            "camera_angle_x": 0.6981317007977318,
            "transform_matrix": [
                [
                    -0.2986035943031311,
                    -0.11934911459684372,
                    0.946885347366333,
                    1.893770456314087
                ],
                [
                    0.954377293586731,
                    -0.03734167665243149,
                    0.29625949263572693,
                    0.5925189852714539
                ],
                [
                    -6.67807640297724e-08,
                    0.9921499490737915,
                    0.12505437433719635,
                    0.2501090466976166
                ],
                [
                    0,
                    0,
                    0,
                    1
                ]
            ]
        },
        {
            "file_path": "006.png",
            "camera_angle_x": 0.6981317007977318,
            "transform_matrix": [
                [
                    0.9543772339820862,
                    -0.06388427317142487,
                    0.29168978333473206,
                    0.5833794474601746
                ],
                [
                    0.2986036241054535,
                    0.20418260991573334,
                    -0.9322798252105713,
                    -1.864559292793274
                ],
                [
                    -2.3332322740543532e-08,
                    0.9768462181091309,
                    0.21394330263137817,
                    0.42788681387901306
                ],
                [
                    0,
                    0,
                    0,
                    1
                ]
            ]
        },
        {
            "file_path": "007.png",
            "camera_angle_x": 0.6981317007977318,
            "transform_matrix": [
                [
                    -0.9543772339820862,
                    0.09042681008577347,
                    -0.28458231687545776,
                    -0.5691646337509155
                ],
                [
                    -0.2986035943031311,
                    -0.2890162765979767,
                    0.9095633625984192,
                    1.8191267251968384
                ],
                [
                    -1.4368655598673286e-08,
                    0.9530438184738159,
                    0.30283233523368835,
                    0.6056646108627319
                ],
                [
                    0,
                    0,
                    0,
                    1
                ]
            ]
        },
        {
            "file_path": "008.png",
            "camera_angle_x": 0.6981317007977318,
            "transform_matrix": [
                [
                    -0.08935059607028961,
                    0.3901544511318207,
                    -0.9164038300514221,
                    -1.8328076601028442
                ],
                [
                    -0.9960002303123474,
                    -0.03500055521726608,
                    0.08221003413200378,
                    0.16442015767097473
                ],
                [
                    -2.7008809411199763e-08,
                    0.9200839400291443,
                    0.3917212188243866,
                    0.7834423780441284
                ],
                [
                    0,
                    0,
                    0,
                    1
                ]
            ]
        },
        {
            "file_path": "009.png",
            "camera_angle_x": 0.6981317007977318,
            "transform_matrix": [
                [
                    0.08935051411390305,
                    -0.4786878228187561,
                    0.8734269142150879,
                    1.7468537092208862
                ],
                [
                    0.9960002899169922,
                    0.04294267296791077,
                    -0.07835463434457779,
                    -0.15670928359031677
                ],
                [
                    5.407439118698676e-08,
                    0.8769344687461853,
                    0.48061007261276245,
                    0.9612201452255249
                ],
                [
                    0,
                    0,
                    0,
                    1
                ]
            ]
        },
        {
            "file_path": "010.png",
            "camera_angle_x": 0.6981317007977318,
            "transform_matrix": [
                [
                    0.9960002303123474,
                    0.050885092467069626,
                    -0.07344551384449005,
                    -0.1468910127878189
                ],
                [
                    -0.0893506333231926,
                    0.5672210454940796,
                    -0.81870436668396,
                    -1.6374084949493408
                ],
                [
                    2.611016736153715e-09,
                    0.8219920992851257,
                    0.5694989562034607,
                    1.1389979124069214
                ],
                [
                    0,
                    0,
                    0,
                    1
                ]
            ]
        },
        {
            "file_path": "011.png",
            "camera_angle_x": 0.6981317007977318,
            "transform_matrix": [
                [
                    -0.9960004091262817,
                    -0.05882737413048744,
                    0.06725233048200607,
                    0.13450464606285095
                ],
                [
                    0.0893506333231926,
                    -0.6557546257972717,
                    0.7496683597564697,
                    1.49933660030365
                ],
                [
                    2.080881689181524e-09,
                    0.7526788711547852,
                    0.6583878397941589,
                    1.3167756795883179
                ],
                [
                    0,
                    0,
                    0,
                    1
                ]
            ]
        },
        {
            "file_path": "012.png",
            "camera_angle_x": 0.6981317007977318,
            "transform_matrix": [
                [
                    0.641098141670227,
                    0.5735042095184326,
                    -0.509986400604248,
                    -1.019972801208496
                ],
                [
                    -0.7674589157104492,
                    0.4790777266025543,
                    -0.42601802945137024,
                    -0.8520359992980957
                ],
                [
                    2.4148986810246242e-08,
                    0.6645129919052124,
                    0.7472767233848572,
                    1.4945534467697144
                ],
                [
                    0,
                    0,
                    0,
                    1
                ]
            ]
        },
        {
            "file_path": "013.png",
            "camera_angle_x": 0.6981317007977318,
            "transform_matrix": [
                [
                    -0.6410980224609375,
                    -0.6417227983474731,
                    0.4209336042404175,
                    0.841867208480835
                ],
                [
                    0.767458975315094,
                    -0.5360641479492188,
                    0.35162752866744995,
                    0.7032551169395447
                ],
                [
                    3.863642561441338e-08,
                    0.5484769940376282,
                    0.8361656069755554,
                    1.6723312139511108
                ],
                [
                    0,
                    0,
                    0,
                    1
                ]
            ]
        },
        {
            "file_path": "014.png",
            "camera_angle_x": 0.6981317007977318,
            "transform_matrix": [
                [
                    0.7674589157104492,
                    -0.5930507183074951,
                    0.2435111254453659,
                    0.48702216148376465
                ],
                [
                    0.641098141670227,
                    0.7099413275718689,
                    -0.291507363319397,
                    -0.5830145478248596
                ],
                [
                    3.3509820696053794e-08,
                    0.37983444333076477,
                    0.9250544905662537,
                    1.8501089811325073
                ],
                [
                    0,
                    0,
                    0,
                    1
                ]
            ]
        }
    ]
}