{
    "aabb": [
        [
            -0.5,
            -0.5,
            -0.5
        ],
        [
            0.5,
            0.5,
            0.5
        ]
    ],
    "scale": 0.015625,
    "offset": [
        -0.4921875,
        -0.5,
        -0.4921875
    ],
    "frames": [
        {
            "file_path": "000.png",
            "camera_angle_x": 0.6981317007977318,
            "transform_matrix": [
                [
                    0.349685937166214,
                    0.8712512850761414,
                    0.34444311261177063,
                    0.6888861656188965
                ],
                [
                    0.9368669986724854,
                    -0.32519492506980896,
                    -0.1285635232925415,
                    -0.2571270763874054
                ],
                [
                    -8.212340141255936e-09,
                    0.3676542341709137,
                    -0.9299626350402832,
                    -1.8599251508712769
                ],
                [
                    0,
                    0,
                    0,
                    1
                ]
            ]
        },
        {
            "file_path": "001.png",
            "camera_angle_x": 0.6981317007977318,
            "transform_matrix": [
                [
                    -0.3496859669685364,
                    -0.6214200854301453,
                    -0.7011111974716187,
                    -1.4022222757339478
                ],
                [
                    -0.9368670582771301,
                    0.23194512724876404,
                    0.26169002056121826,
                    0.5233801007270813
                ],
                [
                    -7.95648702478502e-08,
                    0.7483572959899902,
                    -0.6632959842681885,
                    -1.3265918493270874
                ],
                [
                    0,
                    0,
                    0,
                    1
                ]
            ]
        },
        {
            "file_path": "002.png",
            "camera_angle_x": 0.6981317007977318,
            "transform_matrix": [
                [
                    -0.9368670582771301,
                    0.13869573175907135,
                    0.32100439071655273,
                    0.6420087814331055
                ],
                [
                    0.34968602657318115,
                    0.3715888559818268,
                    0.860024094581604,
                    1.720048189163208
                ],
                [
                    1.5574777023630304e-09,
                    0.9179789423942566,
                    -0.3966293931007385,
                    -0.7932584881782532
                ],
                [
                    0,
                    0,
                    0,
                    1
                ]
            ]
        },
        {
            "file_path": "003.png",
            "camera_angle_x": 0.6981317007977318,
            "transform_matrix": [
                [
                    0.9368669390678406,
                    -0.04544607549905777,
                    -0.34672027826309204,
                    -0.6934406161308289
                ],
                [
                    -0.34968599677085876,
                    -0.12175759673118591,
                    -0.9289212822914124,
                    -1.8578425645828247
                ],
                [
                    -8.699840847725682e-10,
                    0.9915189146995544,
                    -0.12996253371238708,
                    -0.25992512702941895
                ],
                [
                    0,
                    0,
                    0,
                    1
                ]
            ]
        },
        {
            "file_path": "004.png",
            "camera_angle_x": 0.6981317007977318,
            "transform_matrix": [
                [
                    -0.41519972681999207,
                    -0.04145454987883568,
                    0.9087854623794556,
                    1.817570686340332
                ],
                [
                    0.9097304344177246,
                    -0.01891978830099106,
                    0.4147683382034302,
                    0.8295366764068604
                ],
                [
                    -8.933314177284046e-08,
                    0.998961329460144,
                    0.045567817986011505,
                    0.09113606810569763
                ],
                [
                    0,
                    0,
                    0,
                    1
                ]
            ]
        },
        {
            "file_path": "005.png",
            "camera_angle_x": 0.6981317007977318,
            "transform_matrix": [
                [
                    0.4151996672153473,
                    0.12231956422328949,
                    -0.9014694690704346,
                    -1.8029389381408691
                ],
                [
                    -0.9097303152084351,
                    0.055826518684625626,
                    -0.41142940521240234,
                    -0.8228587508201599
                ],
                [
                    3.5396062969539344e-08,
                    0.9909194111824036,
                    0.13445696234703064,
                    0.2689138352870941
                ],
                [
                    0,
                    0,
                    0,
                    1
                ]
            ]
        },
        {
            "file_path": "006.png",
            "camera_angle_x": 0.6981317007977318,
            "transform_matrix": [
                [
                    -0.9097307324409485,
                    0.09273315966129303,
                    -0.4047115445137024,
                    -0.8094227313995361
                ],
                [
                    -0.41519978642463684,
                    -0.20318472385406494,
                    0.8867500424385071,
                    1.7734997272491455
                ],
                [
                    2.7117380341223907e-08,
                    0.9747394919395447,
                    0.22334565222263336,
                    0.446691632270813
                ],
                [
                    0,
                    0,
                    0,
                    1
                ]
            ]
        },
        {
            "file_path": "007.png",
            "camera_angle_x": 0.6981317007977318,
            "transform_matrix": [
                [
                    0.9097303152084351,
                    -0.12963971495628357,
                    0.39444175362586975,
                    0.7888834476470947
                ],
                [
                    0.4151996672153473,
                    0.28404930233955383,
                    -0.8642483949661255,
                    -1.7284966707229614
                ],
                [
                    -1.0737877254030082e-08,
                    0.950005054473877,
                    0.3122346103191376,
                    0.6244693994522095
                ],
                [
                    0,
                    0,
                    0,
                    1
                ]
            ]
        },
        {
            "file_path": "008.png",
            "camera_angle_x": 0.6981317007977318,
            "transform_matrix": [
                [
                    -0.035455603152513504,
                    -0.40087130665779114,
                    0.9154479503631592,
                    1.830896019935608
                ],
                [
                    0.9993711709976196,
                    -0.014222020283341408,
                    0.03247825428843498,
                    0.06495654582977295
                ],
                [
                    -1.4814997228995708e-08,
                    0.9160239100456238,
                    0.401123583316803,
                    0.802247166633606
                ],
                [
                    0,
                    0,
                    0,
                    1
                ]
            ]
        },
        {
            "file_path": "009.png",
            "camera_angle_x": 0.6981317007977318,
            "transform_matrix": [
                [
                    0.03545565903186798,
                    0.4897044599056244,
                    -0.8711674213409424,
                    -1.7423346042633057
                ],
                [
                    -0.9993714094161987,
                    0.017373651266098022,
                    -0.030907370150089264,
                    -0.0618145652115345
                ],
                [
                    1.3172144264217422e-08,
                    0.8717155456542969,
                    0.49001240730285645,
                    0.9800249338150024
                ],
                [
                    0,
                    0,
                    0,
                    1
                ]
            ]
        },
        {
            "file_path": "010.png",
            "camera_angle_x": 0.6981317007977318,
            "transform_matrix": [
                [
                    -0.9993712306022644,
                    0.02052534930408001,
                    -0.028910493478178978,
                    -0.057820986956357956
                ],
                [
                    -0.035455700010061264,
                    -0.5785373449325562,
                    0.8148849010467529,
                    1.6297698020935059
                ],
                [
                    -2.741417093332643e-09,
                    0.8153975605964661,
                    0.5789013504981995,
                    1.157802700996399
                ],
                [
                    0,
                    0,
                    0,
                    1
                ]
            ]
        },
        {
            "file_path": "011.png",
            "camera_angle_x": 0.6981317007977318,
            "transform_matrix": [
                [
                    0.9993712306022644,
                    -0.023676974698901176,
                    0.026391442865133286,
                    0.05278286710381508
                ],
                [
                    0.03545571118593216,
                    0.6673702597618103,
                    -0.7438817024230957,
                    -1.4877629280090332
                ],
                [
                    -3.3088292106242534e-09,
                    0.7443497180938721,
                    0.6677901744842529,
                    1.3355804681777954
                ],
                [
                    0,
                    0,
                    0,
                    1
                ]
            ]
        },
        {
            "file_path": "012.png",
            "camera_angle_x": 0.6981317007977318,
            "transform_matrix": [
                [
                    -0.731733500957489,
                    -0.515745997428894,
                    0.4456152319908142,
                    0.8912301659584045
                ],
                [
                    0.6815914511680603,
                    -0.5536875128746033,
                    0.4783972501754761,
                    0.9567943811416626
                ],
                [
                    3.039075124888768e-08,
                    0.6537865400314331,
                    0.7566790580749512,
                    1.513358235359192
                ],
                [
                    0,
                    0,
                    0,
                    1
                ]
            ]
        },
        {
            "file_path": "013.png",
            "camera_angle_x": 0.6981317007977318,
            "transform_matrix": [
                [
                    0.7317332029342651,
                    0.5763317346572876,
                    -0.3638794720172882,
                    -0.727759063243866
                ],
                [
                    -0.6815911531448364,
                    0.6187302470207214,
                    -0.3906486928462982,
                    -0.7812973856925964
                ],
                [
                    8.376569660129007e-09,
                    0.5338676571846008,
                    0.845568060874939,
                    1.691136121749878
                ],
                [
                    0,
                    0,
                    0,
                    1
                ]
            ]
        },
        {
            "file_path": "014.png",
            "camera_angle_x": 0.6981317007977318,
            "transform_matrix": [
                [
                    -0.6815915107727051,
                    0.6837733387947083,
                    -0.2605528235435486,
                    -0.5211055278778076
                ],
                [
                    -0.7317333817481995,
                    -0.6369179487228394,
                    0.24269841611385345,
                    0.4853968322277069
                ],
                [
                    -5.114966228347839e-10,
                    0.35607627034187317,
                    0.9344569444656372,
                    1.8689138889312744
                ],
                [
                    0,
                    0,
                    0,
                    1
                ]
            ]
        }
    ]
}