{
    "aabb": [
        [
            -0.5,
            -0.5,
            -0.5
        ],
        [
            0.5,
            0.5,
            0.5
        ]
    ],
    "scale": 0.015625,
    "offset": [
        -0.4921875,
        -0.4921875,
        -0.4921875
    ],
    "frames": [
        {
            "file_path": "000.png",
            "camera_angle_x": 0.6981317007977318,
            "transform_matrix": [
                [
                    -0.8540118336677551,
                    -0.40891483426094055,
                    -0.3216405212879181,
                    -0.6432809829711914
                ],
                [
                    -0.5202537775039673,
                    0.6712455749511719,
                    0.5279824137687683,
                    1.055964708328247
                ],
                [
                    -3.3753636330402514e-08,
                    0.6182378530502319,
                    -0.7859911918640137,
                    -1.5719822645187378
                ],
                [
                    0,
                    0,
                    0,
                    1
                ]
            ]
        },
        {
            "file_path": "001.png",
            "camera_angle_x": 0.6981317007977318,
            "transform_matrix": [
                [
                    0.8540117740631104,
                    0.27018046379089355,
                    0.44459694623947144,
                    0.8891938328742981
                ],
                [
                    0.5202537178993225,
                    -0.44350919127464294,
                    -0.7298189401626587,
                    -1.4596378803253174
                ],
                [
                    1.7348488867696688e-08,
                    0.8545771837234497,
                    -0.5193244814872742,
                    -1.0386488437652588
                ],
                [
                    0,
                    0,
                    0,
                    1
                ]
            ]
        },
        {
            "file_path": "002.png",
            "camera_angle_x": 0.6981317007977318,
            "transform_matrix": [
                [
                    0.5202536582946777,
                    -0.21577270328998566,
                    -0.8263040781021118,
                    -1.6526079177856445
                ],
                [
                    -0.8540118336677551,
                    -0.13144610822200775,
                    -0.5033745169639587,
                    -1.006748914718628
                ],
                [
                    1.0812350836886253e-07,
                    0.967555820941925,
                    -0.25265780091285706,
                    -0.5053155422210693
                ],
                [
                    0,
                    0,
                    0,
                    1
                ]
            ]
        },
        {
            "file_path": "003.png",
            "camera_angle_x": 0.6981317007977318,
            "transform_matrix": [
                [
                    -0.5202537178993225,
                    -0.003987877629697323,
                    0.8540025353431702,
                    1.7080049514770508
                ],
                [
                    0.8540118336677551,
                    -0.002429335145279765,
                    0.5202479958534241,
                    1.0404959917068481
                ],
                [
                    -6.359368853736669e-08,
                    0.9999891519546509,
                    0.004669500514864922,
                    0.009339259937405586
                ],
                [
                    0,
                    0,
                    0,
                    1
                ]
            ]
        },
        {
            "file_path": "004.png",
            "camera_angle_x": 0.6981317007977318,
            "transform_matrix": [
                [
                    -0.236002579331398,
                    0.09091581404209137,
                    -0.9674901366233826,
                    -1.9349802732467651
                ],
                [
                    -0.971752405166626,
                    -0.022080138325691223,
                    0.2349674105644226,
                    0.46993488073349
                ],
                [
                    -5.7160658428756506e-08,
                    0.9956137537956238,
                    0.09355863183736801,
                    0.18711704015731812
                ],
                [
                    0,
                    0,
                    0,
                    1
                ]
            ]
        },
        {
            "file_path": "005.png",
            "camera_angle_x": 0.6981317007977318,
            "transform_matrix": [
                [
                    0.23600243031978607,
                    -0.17729367315769196,
                    0.9554423689842224,
                    1.9108842611312866
                ],
                [
                    0.9717526435852051,
                    0.04305792972445488,
                    -0.23204146325588226,
                    -0.46408286690711975
                ],
                [
                    -7.362454823578446e-08,
                    0.9832158088684082,
                    0.1824471801519394,
                    0.3648948073387146
                ],
                [
                    0,
                    0,
                    0,
                    1
                ]
            ]
        },
        {
            "file_path": "006.png",
            "camera_angle_x": 0.6981317007977318,
            "transform_matrix": [
                [
                    0.971752405166626,
                    0.06403608620166779,
                    -0.2271488606929779,
                    -0.4542977213859558
                ],
                [
                    -0.2360025942325592,
                    0.26367172598838806,
                    -0.9352967739105225,
                    -1.870593547821045
                ],
                [
                    1.2109140357097203e-09,
                    0.9624846577644348,
                    0.27133631706237793,
                    0.5426725745201111
                ],
                [
                    0,
                    0,
                    0,
                    1
                ]
            ]
        },
        {
            "file_path": "007.png",
            "camera_angle_x": 0.6981317007977318,
            "transform_matrix": [
                [
                    -0.9717524647712708,
                    -0.08501406759023666,
                    0.2201586663722992,
                    0.440317302942276
                ],
                [
                    0.2360026091337204,
                    -0.3500496447086334,
                    0.9065142273902893,
                    1.813028335571289
                ],
                [
                    5.986970919025225e-10,
                    0.9328654408454895,
                    0.360225111246109,
                    0.7204503417015076
                ],
                [
                    0,
                    0,
                    0,
                    1
                ]
            ]
        },
        {
            "file_path": "008.png",
            "camera_angle_x": 0.6981317007977318,
            "transform_matrix": [
                [
                    -0.589911699295044,
                    0.3626452088356018,
                    -0.7214518785476685,
                    -1.4429038763046265
                ],
                [
                    -0.8074678778648376,
                    -0.26493775844573975,
                    0.5270708799362183,
                    1.0541417598724365
                ],
                [
                    -6.775822214422078e-08,
                    0.8934744000434875,
                    0.4491141438484192,
                    0.8982281684875488
                ],
                [
                    0,
                    0,
                    0,
                    1
                ]
            ]
        },
        {
            "file_path": "009.png",
            "camera_angle_x": 0.6981317007977318,
            "transform_matrix": [
                [
                    0.5899115204811096,
                    -0.4344201385974884,
                    0.6806493401527405,
                    1.361298680305481
                ],
                [
                    0.8074678778648376,
                    0.31737416982650757,
                    -0.49726179242134094,
                    -0.9945235252380371
                ],
                [
                    -1.460769283312402e-09,
                    0.8429429531097412,
                    0.5380029678344727,
                    1.0760059356689453
                ],
                [
                    0,
                    0,
                    0,
                    1
                ]
            ]
        },
        {
            "file_path": "010.png",
            "camera_angle_x": 0.6981317007977318,
            "transform_matrix": [
                [
                    0.8074678182601929,
                    0.3698108196258545,
                    -0.45960381627082825,
                    -0.9192075729370117
                ],
                [
                    -0.5899115800857544,
                    0.5061950087547302,
                    -0.6291033029556274,
                    -1.2582066059112549
                ],
                [
                    -1.2627435097556372e-08,
                    0.7791062593460083,
                    0.6268919110298157,
                    1.2537837028503418
                ],
                [
                    0,
                    0,
                    0,
                    1
                ]
            ]
        },
        {
            "file_path": "011.png",
            "camera_angle_x": 0.6981317007977318,
            "transform_matrix": [
                [
                    -0.8074678778648376,
                    -0.4222473204135895,
                    0.411950021982193,
                    0.823900043964386
                ],
                [
                    0.5899115204811096,
                    -0.5779699087142944,
                    0.5638750791549683,
                    1.1277501583099365
                ],
                [
                    -1.591359577446383e-08,
                    0.6983250975608826,
                    0.7157807350158691,
                    1.4315614700317383
                ],
                [
                    0,
                    0,
                    0,
                    1
                ]
            ]
        },
        {
            "file_path": "012.png",
            "camera_angle_x": 0.6981317007977318,
            "transform_matrix": [
                [
                    0.15383556485176086,
                    0.7950912117958069,
                    -0.5866553783416748,
                    -1.1733108758926392
                ],
                [
                    -0.9880964159965515,
                    0.12378678470849991,
                    -0.09133569896221161,
                    -0.18267139792442322
                ],
                [
                    -4.960424959676857e-08,
                    0.5937227606773376,
                    0.8046696782112122,
                    1.6093392372131348
                ],
                [
                    0,
                    0,
                    0,
                    1
                ]
            ]
        },
        {
            "file_path": "013.png",
            "camera_angle_x": 0.6981317007977318,
            "transform_matrix": [
                [
                    -0.15383560955524445,
                    -0.8829221129417419,
                    0.4436028003692627,
                    0.8872053623199463
                ],
                [
                    0.9880965948104858,
                    -0.1374611258506775,
                    0.0690639466047287,
                    0.13812796771526337
                ],
                [
                    -7.4077455280985305e-09,
                    0.44894686341285706,
                    0.8935585021972656,
                    1.7871170043945312
                ],
                [
                    0,
                    0,
                    0,
                    1
                ]
            ]
        },
        {
            "file_path": "014.png",
            "camera_angle_x": 0.6981317007977318,
            "transform_matrix": [
                [
                    0.9880964756011963,
                    -0.1511353850364685,
                    0.028696466237306595,
                    0.0573929138481617
                ],
                [
                    0.15383559465408325,
                    0.9707527756690979,
                    -0.184319406747818,
                    -0.3686386048793793
                ],
                [
                    7.1044596872127386e-09,
                    0.186539888381958,
                    0.9824473857879639,
                    1.9648947715759277
                ],
                [
                    0,
                    0,
                    0,
                    1
                ]
            ]
        }
    ]
}