{
    "aabb": [
        [
            -0.5,
            -0.5,
            -0.5
        ],
        [
            0.5,
            0.5,
            0.5
        ]
    ],
    "scale": 0.015625,
    "offset": [
        -0.4921875,
        -0.4921875,
        -0.4921875
    ],
    "frames": [
        {
            "file_path": "000.png",
            "camera_angle_x": 0.6981317007977318,
            "transform_matrix": [
                [
                    0.08303231000900269,
                    0.8539811372756958,
                    0.51363605260849,
                    1.02727210521698
                ],
                [
                    0.9965469241142273,
                    -0.0711539089679718,
                    -0.04279623180627823,
                    -0.08559254556894302
                ],
                [
                    -1.4636340139873028e-08,
                    0.5154158473014832,
                    -0.8569403886795044,
                    -1.7138804197311401
                ],
                [
                    0,
                    0,
                    0,
                    1
                ]
            ]
        },
        {
            "file_path": "001.png",
            "camera_angle_x": 0.6981317007977318,
            "transform_matrix": [
                [
                    -0.08303252607584,
                    -0.5882352590560913,
                    -0.8044158816337585,
                    -1.608831763267517
                ],
                [
                    -0.9965468645095825,
                    0.04901185631752014,
                    0.0670241042971611,
                    0.1340482383966446
                ],
                [
                    -3.972537299112844e-10,
                    0.8072032928466797,
                    -0.5902736186981201,
                    -1.1805471181869507
                ],
                [
                    0,
                    0,
                    0,
                    1
                ]
            ]
        },
        {
            "file_path": "002.png",
            "camera_angle_x": 0.6981317007977318,
            "transform_matrix": [
                [
                    -0.9965469837188721,
                    0.026869887486100197,
                    0.07856467366218567,
                    0.15712933242321014
                ],
                [
                    0.0830325186252594,
                    0.32248926162719727,
                    0.9429243803024292,
                    1.8858485221862793
                ],
                [
                    2.214170180536712e-09,
                    0.9461917281150818,
                    -0.3236068785190582,
                    -0.6472137570381165
                ],
                [
                    0,
                    0,
                    0,
                    1
                ]
            ]
        },
        {
            "file_path": "003.png",
            "camera_angle_x": 0.6981317007977318,
            "transform_matrix": [
                [
                    0.9965468645095825,
                    -0.004727879539132118,
                    -0.08289781212806702,
                    -0.16579559445381165
                ],
                [
                    -0.0830325186252594,
                    -0.05674360319972038,
                    -0.9949301481246948,
                    -1.9898600578308105
                ],
                [
                    5.385226292675682e-11,
                    0.9983777403831482,
                    -0.0569402277469635,
                    -0.11388041079044342
                ],
                [
                    0,
                    0,
                    0,
                    1
                ]
            ]
        },
        {
            "file_path": "004.png",
            "camera_angle_x": 0.6981317007977318,
            "transform_matrix": [
                [
                    -0.6459521651268005,
                    -0.05336686223745346,
                    0.7615101337432861,
                    1.5230203866958618
                ],
                [
                    0.763377845287323,
                    -0.04515783116221428,
                    0.6443718075752258,
                    1.2887436151504517
                ],
                [
                    6.100787430796117e-08,
                    0.9975533485412598,
                    0.06990890949964523,
                    0.13981764018535614
                ],
                [
                    0,
                    0,
                    0,
                    1
                ]
            ]
        },
        {
            "file_path": "005.png",
            "camera_angle_x": 0.6981317007977318,
            "transform_matrix": [
                [
                    0.6459521651268005,
                    0.12122265994548798,
                    -0.7536914944648743,
                    -1.5073829889297485
                ],
                [
                    -0.7633779048919678,
                    0.10257567465305328,
                    -0.637755811214447,
                    -1.2755115032196045
                ],
                [
                    2.590198278085154e-09,
                    0.9873111844062805,
                    0.15879766643047333,
                    0.3175954222679138
                ],
                [
                    0,
                    0,
                    0,
                    1
                ]
            ]
        },
        {
            "file_path": "006.png",
            "camera_angle_x": 0.6981317007977318,
            "transform_matrix": [
                [
                    -0.7633779644966125,
                    0.1599937379360199,
                    -0.625824511051178,
                    -1.2516489028930664
                ],
                [
                    -0.6459522247314453,
                    -0.18907853960990906,
                    0.7395911812782288,
                    1.4791823625564575
                ],
                [
                    1.8042038973931085e-08,
                    0.9688402414321899,
                    0.24768657982349396,
                    0.4953731894493103
                ],
                [
                    0,
                    0,
                    0,
                    1
                ]
            ]
        },
        {
            "file_path": "007.png",
            "camera_angle_x": 0.6981317007977318,
            "transform_matrix": [
                [
                    0.763377845287323,
                    -0.21741168200969696,
                    0.6082651019096375,
                    1.2165300846099854
                ],
                [
                    0.6459522247314453,
                    0.25693419575691223,
                    -0.7188397645950317,
                    -1.437679409980774
                ],
                [
                    1.6067595254298794e-08,
                    0.9416565895080566,
                    0.3365754187107086,
                    0.6731509566307068
                ],
                [
                    0,
                    0,
                    0,
                    1
                ]
            ]
        },
        {
            "file_path": "008.png",
            "camera_angle_x": 0.6981317007977318,
            "transform_matrix": [
                [
                    -0.3046499192714691,
                    -0.40523967146873474,
                    0.8619566559791565,
                    1.723913311958313
                ],
                [
                    0.9524644017219543,
                    -0.12961776554584503,
                    0.27570056915283203,
                    0.5514012575149536
                ],
                [
                    6.148268028027815e-08,
                    0.904975175857544,
                    0.425464391708374,
                    0.8509287238121033
                ],
                [
                    0,
                    0,
                    0,
                    1
                ]
            ]
        },
        {
            "file_path": "009.png",
            "camera_angle_x": 0.6981317007977318,
            "transform_matrix": [
                [
                    0.30464982986450195,
                    0.48990321159362793,
                    -0.8168129324913025,
                    -1.6336257457733154
                ],
                [
                    -0.9524644613265991,
                    0.1566975861787796,
                    -0.2612611651420593,
                    -0.5225223898887634
                ],
                [
                    -3.7506211469917616e-08,
                    0.857578456401825,
                    0.5143532156944275,
                    1.0287065505981445
                ],
                [
                    0,
                    0,
                    0,
                    1
                ]
            ]
        },
        {
            "file_path": "010.png",
            "camera_angle_x": 0.6981317007977318,
            "transform_matrix": [
                [
                    -0.9524645209312439,
                    0.18377770483493805,
                    -0.24297600984573364,
                    -0.4859520196914673
                ],
                [
                    -0.3046499490737915,
                    -0.5745668411254883,
                    0.7596457004547119,
                    1.5192914009094238
                ],
                [
                    6.7216996413321795e-09,
                    0.7975581288337708,
                    0.6032421588897705,
                    1.206484317779541
                ],
                [
                    0,
                    0,
                    0,
                    1
                ]
            ]
        },
        {
            "file_path": "011.png",
            "camera_angle_x": 0.6981317007977318,
            "transform_matrix": [
                [
                    0.9524644017219543,
                    -0.21085768938064575,
                    0.21988776326179504,
                    0.4397754967212677
                ],
                [
                    0.3046499490737915,
                    0.6592301726341248,
                    -0.6874620318412781,
                    -1.3749239444732666
                ],
                [
                    -2.490621042738894e-09,
                    0.7217718958854675,
                    0.6921310424804688,
                    1.3842620849609375
                ],
                [
                    0,
                    0,
                    0,
                    1
                ]
            ]
        },
        {
            "file_path": "012.png",
            "camera_angle_x": 0.6981317007977318,
            "transform_matrix": [
                [
                    -0.8889140486717224,
                    -0.35776495933532715,
                    0.2860700190067291,
                    0.5721400380134583
                ],
                [
                    0.45807403326034546,
                    -0.6942595839500427,
                    0.555132269859314,
                    1.110264539718628
                ],
                [
                    -2.9876716212129395e-08,
                    0.6245061159133911,
                    0.781019926071167,
                    1.562039852142334
                ],
                [
                    0,
                    0,
                    0,
                    1
                ]
            ]
        },
        {
            "file_path": "013.png",
            "camera_angle_x": 0.6981317007977318,
            "transform_matrix": [
                [
                    0.8889140486717224,
                    0.39848268032073975,
                    -0.2259279191493988,
                    -0.45185571908950806
                ],
                [
                    -0.45807409286499023,
                    0.7732741236686707,
                    -0.4384237229824066,
                    -0.8768472075462341
                ],
                [
                    5.41090905414876e-09,
                    0.4932126998901367,
                    0.8699087500572205,
                    1.7398176193237305
                ],
                [
                    0,
                    0,
                    0,
                    1
                ]
            ]
        },
        {
            "file_path": "014.png",
            "camera_angle_x": 0.6981317007977318,
            "transform_matrix": [
                [
                    -0.45807400345802307,
                    0.8522887229919434,
                    -0.25253134965896606,
                    -0.5050626397132874
                ],
                [
                    -0.8889139890670776,
                    -0.4392002820968628,
                    0.13013409078121185,
                    0.2602682113647461
                ],
                [
                    -2.6095174021634193e-08,
                    0.28408971428871155,
                    0.9587976932525635,
                    1.917595386505127
                ],
                [
                    0,
                    0,
                    0,
                    1
                ]
            ]
        }
    ]
}