{
    "aabb": [
        [
            -0.5,
            -0.5,
            -0.5
        ],
        [
            0.5,
            0.5,
            0.5
        ]
    ],
    "scale": 0.015625,
    "offset": [
        -0.4921875,
        -0.4921875,
        -0.4921875
    ],
    "frames": [
        {
            "file_path": "000.png",
            "camera_angle_x": 0.6981317007977318,
            "transform_matrix": [
                [
                    0.5169509053230286,
                    -0.6803932785987854,
                    -0.5194485187530518,
                    -1.0388970375061035
                ],
                [
                    -0.8560150861740112,
                    -0.4108923077583313,
                    -0.31369709968566895,
                    -0.6273941993713379
                ],
                [
                    2.992309333649246e-08,
                    0.6068217754364014,
                    -0.7948380708694458,
                    -1.5896759033203125
                ],
                [
                    0,
                    0,
                    0,
                    1
                ]
            ]
        },
        {
            "file_path": "001.png",
            "camera_angle_x": 0.6981317007977318,
            "transform_matrix": [
                [
                    -0.5169509649276733,
                    0.45212259888648987,
                    0.7268747687339783,
                    1.4537495374679565
                ],
                [
                    0.8560150265693665,
                    0.2730386555194855,
                    0.4389626085758209,
                    0.8779252767562866
                ],
                [
                    -9.456805116769829e-09,
                    0.8491378426551819,
                    -0.5281713604927063,
                    -1.056342601776123
                ],
                [
                    0,
                    0,
                    0,
                    1
                ]
            ]
        },
        {
            "file_path": "002.png",
            "camera_angle_x": 0.6981317007977318,
            "transform_matrix": [
                [
                    0.8560149669647217,
                    0.13518507778644562,
                    0.49896231293678284,
                    0.9979244470596313
                ],
                [
                    0.5169510841369629,
                    -0.22385212779045105,
                    -0.826227605342865,
                    -1.65245521068573
                ],
                [
                    7.898877640855062e-08,
                    0.965202271938324,
                    -0.2615048587322235,
                    -0.5230092406272888
                ],
                [
                    0,
                    0,
                    0,
                    1
                ]
            ]
        },
        {
            "file_path": "003.png",
            "camera_angle_x": 0.6981317007977318,
            "transform_matrix": [
                [
                    -0.8560150861740112,
                    0.000889491755515337,
                    -0.516950249671936,
                    -1.0339003801345825
                ],
                [
                    -0.5169510245323181,
                    -0.0014729496324434876,
                    0.8560137748718262,
                    1.7120274305343628
                ],
                [
                    3.067313514293346e-09,
                    0.9999985694885254,
                    0.0017205917974933982,
                    0.003441366134211421
                ],
                [
                    0,
                    0,
                    0,
                    1
                ]
            ]
        },
        {
            "file_path": "004.png",
            "camera_angle_x": 0.6981317007977318,
            "transform_matrix": [
                [
                    0.9708335399627686,
                    0.02172406017780304,
                    -0.23876826465129852,
                    -0.47753646969795227
                ],
                [
                    -0.23975449800491333,
                    0.08796673268079758,
                    -0.9668400883674622,
                    -1.9336800575256348
                ],
                [
                    -1.514153069592794e-08,
                    0.9958865642547607,
                    0.09060949832201004,
                    0.18121914565563202
                ],
                [
                    0,
                    0,
                    0,
                    1
                ]
            ]
        },
        {
            "file_path": "005.png",
            "camera_angle_x": 0.6981317007977318,
            "transform_matrix": [
                [
                    -0.9708337187767029,
                    -0.04303558170795441,
                    0.2358604371547699,
                    0.4717208743095398
                ],
                [
                    0.23975448310375214,
                    -0.17426323890686035,
                    0.9550656080245972,
                    1.9101310968399048
                ],
                [
                    -1.8820646374706484e-08,
                    0.9837583303451538,
                    0.17949840426445007,
                    0.3589969277381897
                ],
                [
                    0,
                    0,
                    0,
                    1
                ]
            ]
        },
        {
            "file_path": "006.png",
            "camera_angle_x": 0.6981317007977318,
            "transform_matrix": [
                [
                    0.23975442349910736,
                    -0.2605594992637634,
                    0.9352147579193115,
                    1.8704293966293335
                ],
                [
                    0.9708335995674133,
                    0.06434693932533264,
                    -0.23095817863941193,
                    -0.4619162678718567
                ],
                [
                    6.2107361031849e-08,
                    0.9633111357688904,
                    0.2683872878551483,
                    0.5367746949195862
                ],
                [
                    0,
                    0,
                    0,
                    1
                ]
            ]
        },
        {
            "file_path": "007.png",
            "camera_angle_x": 0.6981317007977318,
            "transform_matrix": [
                [
                    -0.23975469172000885,
                    0.3468558192253113,
                    -0.9067574143409729,
                    -1.8135147094726562
                ],
                [
                    -0.9708336591720581,
                    -0.08565881103277206,
                    0.22393043339252472,
                    0.4478607475757599
                ],
                [
                    -7.333476048643206e-08,
                    0.9339988827705383,
                    0.35727620124816895,
                    0.7145524621009827
                ],
                [
                    0,
                    0,
                    0,
                    1
                ]
            ]
        },
        {
            "file_path": "008.png",
            "camera_angle_x": 0.6981317007977318,
            "transform_matrix": [
                [
                    0.8051831722259521,
                    0.2645876407623291,
                    -0.5307292342185974,
                    -1.0614583492279053
                ],
                [
                    -0.5930262207984924,
                    0.35924455523490906,
                    -0.7205992341041565,
                    -1.441198468208313
                ],
                [
                    -4.967020217350182e-08,
                    0.8949506878852844,
                    0.4461650550365448,
                    0.8923302292823792
                ],
                [
                    0,
                    0,
                    0,
                    1
                ]
            ]
        },
        {
            "file_path": "009.png",
            "camera_angle_x": 0.6981317007977318,
            "transform_matrix": [
                [
                    -0.8051831722259521,
                    -0.3173010051250458,
                    0.5009990930557251,
                    1.0019981861114502
                ],
                [
                    0.5930261611938477,
                    -0.4308164417743683,
                    0.6802331209182739,
                    1.3604662418365479
                ],
                [
                    -8.28297486155094e-10,
                    0.8448178768157959,
                    0.5350539684295654,
                    1.0701080560684204
                ],
                [
                    0,
                    0,
                    0,
                    1
                ]
            ]
        },
        {
            "file_path": "010.png",
            "camera_angle_x": 0.6981317007977318,
            "transform_matrix": [
                [
                    0.5930261611938477,
                    -0.5023882985115051,
                    0.6292264461517334,
                    1.2584528923034668
                ],
                [
                    0.8051831722259521,
                    0.3700144290924072,
                    -0.4634321630001068,
                    -0.9268642067909241
                ],
                [
                    2.5430393790770722e-08,
                    0.7814699411392212,
                    0.6239428520202637,
                    1.247885823249817
                ],
                [
                    0,
                    0,
                    0,
                    1
                ]
            ]
        },
        {
            "file_path": "011.png",
            "camera_angle_x": 0.6981317007977318,
            "transform_matrix": [
                [
                    -0.5930262207984924,
                    0.5739601850509644,
                    -0.5647032260894775,
                    -1.1294063329696655
                ],
                [
                    -0.8051832318305969,
                    -0.42272794246673584,
                    0.4159100353717804,
                    0.8318200707435608
                ],
                [
                    8.279426921831146e-09,
                    0.701335072517395,
                    0.7128317952156067,
                    1.4256635904312134
                ],
                [
                    0,
                    0,
                    0,
                    1
                ]
            ]
        },
        {
            "file_path": "012.png",
            "camera_angle_x": 0.6981317007977318,
            "transform_matrix": [
                [
                    0.9886833429336548,
                    -0.12027227133512497,
                    0.08966539800167084,
                    0.17933078110218048
                ],
                [
                    0.15001767873764038,
                    0.7926478385925293,
                    -0.5909349918365479,
                    -1.1818698644638062
                ],
                [
                    8.453660882423719e-09,
                    0.5976989269256592,
                    0.8017206192016602,
                    1.6034413576126099
                ],
                [
                    0,
                    0,
                    0,
                    1
                ]
            ]
        },
        {
            "file_path": "013.png",
            "camera_angle_x": 0.6981317007977318,
            "transform_matrix": [
                [
                    -0.9886837601661682,
                    0.13360720872879028,
                    -0.06822335720062256,
                    -0.13644668459892273
                ],
                [
                    -0.15001770853996277,
                    -0.8805312514305115,
                    0.44962236285209656,
                    0.899244487285614
                ],
                [
                    1.8639143561927085e-09,
                    0.4547688364982605,
                    0.8906095623970032,
                    1.7812191247940063
                ],
                [
                    0,
                    0,
                    0,
                    1
                ]
            ]
        },
        {
            "file_path": "014.png",
            "camera_angle_x": 0.6981317007977318,
            "transform_matrix": [
                [
                    -0.15001779794692993,
                    -0.9684138298034668,
                    0.19917191565036774,
                    0.3983437716960907
                ],
                [
                    0.9886834025382996,
                    -0.14694221317768097,
                    0.030221285298466682,
                    0.06044261157512665
                ],
                [
                    3.225292033448568e-08,
                    0.20145167410373688,
                    0.9794984459877014,
                    1.9589968919754028
                ],
                [
                    0,
                    0,
                    0,
                    1
                ]
            ]
        }
    ]
}