{
    "aabb": [
        [
            -0.5,
            -0.5,
            -0.5
        ],
        [
            0.5,
            0.5,
            0.5
        ]
    ],
    "scale": 0.015625,
    "offset": [
        -0.4921875,
        -0.4921875,
        -0.4921875
    ],
    "frames": [
        {
            "file_path": "000.png",
            "camera_angle_x": 0.6981317007977318,
            "transform_matrix": [
                [
                    -0.9749635457992554,
                    -0.17761564254760742,
                    -0.13378752768039703,
                    -0.2675750255584717
                ],
                [
                    -0.22236551344394684,
                    0.7787572145462036,
                    0.5865925550460815,
                    1.1731849908828735
                ],
                [
                    4.300557243652747e-09,
                    0.6016560196876526,
                    -0.7987555265426636,
                    -1.5975106954574585
                ],
                [
                    0,
                    0,
                    0,
                    1
                ]
            ]
        },
        {
            "file_path": "001.png",
            "camera_angle_x": 0.6981317007977318,
            "transform_matrix": [
                [
                    0.974963366985321,
                    0.11831816285848618,
                    0.1882743239402771,
                    0.3765486478805542
                ],
                [
                    0.22236548364162445,
                    -0.5187671184539795,
                    -0.825490415096283,
                    -1.650980830192566
                ],
                [
                    1.2272094451759585e-08,
                    0.8466886281967163,
                    -0.5320888161659241,
                    -1.064177393913269
                ],
                [
                    0,
                    0,
                    0,
                    1
                ]
            ]
        },
        {
            "file_path": "002.png",
            "camera_angle_x": 0.6981317007977318,
            "transform_matrix": [
                [
                    0.22236543893814087,
                    -0.2587766945362091,
                    -0.9399937391281128,
                    -1.8799874782562256
                ],
                [
                    -0.9749634265899658,
                    -0.059020716696977615,
                    -0.21438974142074585,
                    -0.4287795126438141
                ],
                [
                    -1.7473396951572795e-08,
                    0.9641323685646057,
                    -0.265421986579895,
                    -0.5308440923690796
                ],
                [
                    0,
                    0,
                    0,
                    1
                ]
            ]
        },
        {
            "file_path": "003.png",
            "camera_angle_x": 0.6981317007977318,
            "transform_matrix": [
                [
                    -0.22236551344394684,
                    -0.00040444903424941003,
                    0.9749633073806763,
                    1.9499266147613525
                ],
                [
                    0.9749634265899658,
                    -9.223458619089797e-05,
                    0.22236546874046326,
                    0.4447309374809265
                ],
                [
                    -4.073078230248939e-08,
                    0.9999999403953552,
                    0.0004147944273427129,
                    0.0008297567837871611
                ],
                [
                    0,
                    0,
                    0,
                    1
                ]
            ]
        },
        {
            "file_path": "004.png",
            "camera_angle_x": 0.6981317007977318,
            "transform_matrix": [
                [
                    -0.5321671962738037,
                    0.07560796290636063,
                    -0.8432566523551941,
                    -1.686513066291809
                ],
                [
                    -0.8466394543647766,
                    -0.04752451553940773,
                    0.5300408005714417,
                    1.0600814819335938
                ],
                [
                    4.174459888872661e-09,
                    0.9960045218467712,
                    0.08930354565382004,
                    0.1786075383424759
                ],
                [
                    0,
                    0,
                    0,
                    1
                ]
            ]
        },
        {
            "file_path": "005.png",
            "camera_angle_x": 0.6981317007977318,
            "transform_matrix": [
                [
                    0.5321670174598694,
                    -0.15086495876312256,
                    0.8330894708633423,
                    1.666178822517395
                ],
                [
                    0.8466393947601318,
                    0.09482824057340622,
                    -0.523650050163269,
                    -1.047300100326538
                ],
                [
                    2.7461723561827966e-08,
                    0.9839956164360046,
                    0.17819267511367798,
                    0.35638532042503357
                ],
                [
                    0,
                    0,
                    0,
                    1
                ]
            ]
        },
        {
            "file_path": "006.png",
            "camera_angle_x": 0.6981317007977318,
            "transform_matrix": [
                [
                    0.8466393351554871,
                    0.14213207364082336,
                    -0.5128355622291565,
                    -1.025671124458313
                ],
                [
                    -0.5321670770645142,
                    0.22612182796001434,
                    -0.8158842921257019,
                    -1.6317685842514038
                ],
                [
                    -6.333827684557036e-09,
                    0.9636739492416382,
                    0.2670816481113434,
                    0.5341631174087524
                ],
                [
                    0,
                    0,
                    0,
                    1
                ]
            ]
        },
        {
            "file_path": "007.png",
            "camera_angle_x": 0.6981317007977318,
            "transform_matrix": [
                [
                    -0.8466395735740662,
                    -0.1894356906414032,
                    0.4973087012767792,
                    0.9946172833442688
                ],
                [
                    0.5321670770645142,
                    -0.30137866735458374,
                    0.7911822199821472,
                    1.5823642015457153
                ],
                [
                    2.4011244548205468e-08,
                    0.9344973564147949,
                    0.3559702932834625,
                    0.7119408845901489
                ],
                [
                    0,
                    0,
                    0,
                    1
                ]
            ]
        },
        {
            "file_path": "008.png",
            "camera_angle_x": 0.6981317007977318,
            "transform_matrix": [
                [
                    -0.8156530857086182,
                    0.2573694884777069,
                    -0.5181418657302856,
                    -1.0362836122512817
                ],
                [
                    -0.5785413384437561,
                    -0.36285075545310974,
                    0.7304993271827698,
                    1.4609986543655396
                ],
                [
                    7.603976825976133e-08,
                    0.8956004977226257,
                    0.44485920667648315,
                    0.8897186517715454
                ],
                [
                    0,
                    0,
                    0,
                    1
                ]
            ]
        },
        {
            "file_path": "009.png",
            "camera_angle_x": 0.6981317007977318,
            "transform_matrix": [
                [
                    0.8156530857086182,
                    -0.30879533290863037,
                    0.4892396926879883,
                    0.978479266166687
                ],
                [
                    0.5785413384437561,
                    0.43535321950912476,
                    -0.6897518038749695,
                    -1.3795034885406494
                ],
                [
                    4.644991946634036e-08,
                    0.8456435799598694,
                    0.5337480306625366,
                    1.067496418952942
                ],
                [
                    0,
                    0,
                    0,
                    1
                ]
            ]
        },
        {
            "file_path": "010.png",
            "camera_angle_x": 0.6981317007977318,
            "transform_matrix": [
                [
                    0.5785412788391113,
                    0.5078559517860413,
                    -0.6382573246955872,
                    -1.2765146493911743
                ],
                [
                    -0.8156531453132629,
                    0.3602212071418762,
                    -0.45271480083465576,
                    -0.905429482460022
                ],
                [
                    -1.2919759484475435e-08,
                    0.7825107574462891,
                    0.6226370930671692,
                    1.2452741861343384
                ],
                [
                    0,
                    0,
                    0,
                    1
                ]
            ]
        },
        {
            "file_path": "011.png",
            "camera_angle_x": 0.6981317007977318,
            "transform_matrix": [
                [
                    -0.5785412788391113,
                    -0.5803583860397339,
                    0.5731266140937805,
                    1.1462533473968506
                ],
                [
                    0.8156531453132629,
                    -0.41164717078208923,
                    0.4065176844596863,
                    0.8130353093147278
                ],
                [
                    1.1495691509821881e-08,
                    0.7026597857475281,
                    0.7115259766578674,
                    1.4230519533157349
                ],
                [
                    0,
                    0,
                    0,
                    1
                ]
            ]
        },
        {
            "file_path": "012.png",
            "camera_angle_x": 0.6981317007977318,
            "transform_matrix": [
                [
                    -0.1676636040210724,
                    0.7890845537185669,
                    -0.5909608602523804,
                    -1.1819217205047607
                ],
                [
                    -0.9858443737030029,
                    -0.13420042395591736,
                    0.10050533711910248,
                    0.20101046562194824
                ],
                [
                    6.445451106174005e-08,
                    0.5994464755058289,
                    0.8004148602485657,
                    1.6008297204971313
                ],
                [
                    0,
                    0,
                    0,
                    1
                ]
            ]
        },
        {
            "file_path": "013.png",
            "camera_angle_x": 0.6981317007977318,
            "transform_matrix": [
                [
                    0.16766348481178284,
                    -0.8767150044441223,
                    0.4508433938026428,
                    0.9016866683959961
                ],
                [
                    0.9858443140983582,
                    0.14910374581813812,
                    -0.07667537033557892,
                    -0.15335065126419067
                ],
                [
                    7.296319992633471e-09,
                    0.4573170244693756,
                    0.8893037438392639,
                    1.7786074876785278
                ],
                [
                    0,
                    0,
                    0,
                    1
                ]
            ]
        },
        {
            "file_path": "014.png",
            "camera_angle_x": 0.6981317007977318,
            "transform_matrix": [
                [
                    0.9858443140983582,
                    0.16400712728500366,
                    -0.03482363373041153,
                    -0.06964725255966187
                ],
                [
                    -0.16766342520713806,
                    0.9643456339836121,
                    -0.20475956797599792,
                    -0.4095189571380615
                ],
                [
                    -7.914440658396416e-09,
                    0.2076997011899948,
                    0.9781926274299622,
                    1.9563852548599243
                ],
                [
                    0,
                    0,
                    0,
                    1
                ]
            ]
        }
    ]
}