{
    "aabb": [
        [
            -0.5,
            -0.5,
            -0.5
        ],
        [
            0.5,
            0.5,
            0.5
        ]
    ],
    "scale": 0.015625,
    "offset": [
        -0.4921875,
        -0.5,
        -0.484375
    ],
    "frames": [
        {
            "file_path": "000.png",
            "camera_angle_x": 0.6981317007977318,
            "transform_matrix": [
                [
                    -0.1922120898962021,
                    -0.9119387865066528,
                    -0.3625219464302063,
                    -0.7250438928604126
                ],
                [
                    -0.9813534617424011,
                    0.17861619591712952,
                    0.07100509107112885,
                    0.14201022684574127
                ],
                [
                    3.843453555418819e-09,
                    0.3694101870059967,
                    -0.9292665123939514,
                    -1.8585329055786133
                ],
                [
                    0,
                    0,
                    0,
                    1
                ]
            ]
        },
        {
            "file_path": "001.png",
            "camera_angle_x": 0.6981317007977318,
            "transform_matrix": [
                [
                    0.1922120749950409,
                    0.6502445936203003,
                    0.7350079417228699,
                    1.4700157642364502
                ],
                [
                    0.9813535213470459,
                    -0.12735989689826965,
                    -0.1439618617296219,
                    -0.2879236042499542
                ],
                [
                    2.9542555068928777e-08,
                    0.7489737868309021,
                    -0.6625999808311462,
                    -1.3251994848251343
                ],
                [
                    0,
                    0,
                    0,
                    1
                ]
            ]
        },
        {
            "file_path": "002.png",
            "camera_angle_x": 0.6981317007977318,
            "transform_matrix": [
                [
                    0.9813534021377563,
                    -0.07610312104225159,
                    -0.176504448056221,
                    -0.35300880670547485
                ],
                [
                    -0.19221213459968567,
                    -0.3885505795478821,
                    -0.9011568427085876,
                    -1.802313208580017
                ],
                [
                    -1.7817569641920272e-08,
                    0.9182795882225037,
                    -0.3959333896636963,
                    -0.7918661832809448
                ],
                [
                    0,
                    0,
                    0,
                    1
                ]
            ]
        },
        {
            "file_path": "003.png",
            "camera_angle_x": 0.6981317007977318,
            "transform_matrix": [
                [
                    -0.9813534617424011,
                    0.02484656125307083,
                    0.19059942662715912,
                    0.38119885325431824
                ],
                [
                    0.19221210479736328,
                    0.12685616314411163,
                    0.9731197357177734,
                    1.9462394714355469
                ],
                [
                    -3.6094103705863745e-08,
                    0.9916098713874817,
                    -0.12926657497882843,
                    -0.258532851934433
                ],
                [
                    0,
                    0,
                    0,
                    1
                ]
            ]
        },
        {
            "file_path": "004.png",
            "camera_angle_x": 0.6981317007977318,
            "transform_matrix": [
                [
                    0.5580071806907654,
                    0.03800659999251366,
                    -0.8289653062820435,
                    -1.657930612564087
                ],
                [
                    -0.8298361301422119,
                    0.025556733831763268,
                    -0.5574217438697815,
                    -1.1148432493209839
                ],
                [
                    -3.5233149731084268e-09,
                    0.9989506602287292,
                    0.04580006003379822,
                    0.09160015732049942
                ],
                [
                    0,
                    0,
                    0,
                    1
                ]
            ]
        },
        {
            "file_path": "005.png",
            "camera_angle_x": 0.6981317007977318,
            "transform_matrix": [
                [
                    -0.5580072999000549,
                    -0.1117696687579155,
                    0.8222747445106506,
                    1.6445492506027222
                ],
                [
                    0.8298362493515015,
                    -0.07515748590230942,
                    0.5529226064682007,
                    1.1058450937271118
                ],
                [
                    4.0415180535546824e-08,
                    0.9908880591392517,
                    0.13468876481056213,
                    0.2693779468536377
                ],
                [
                    0,
                    0,
                    0,
                    1
                ]
            ]
        },
        {
            "file_path": "006.png",
            "camera_angle_x": 0.6981317007977318,
            "transform_matrix": [
                [
                    0.8298361301422119,
                    -0.1247580498456955,
                    0.5438818335533142,
                    1.0877636671066284
                ],
                [
                    0.5580071806907654,
                    0.18553291261196136,
                    -0.8088297247886658,
                    -1.6176594495773315
                ],
                [
                    3.025137118584098e-08,
                    0.9746860861778259,
                    0.22357779741287231,
                    0.4471557140350342
                ],
                [
                    0,
                    0,
                    0,
                    1
                ]
            ]
        },
        {
            "file_path": "007.png",
            "camera_angle_x": 0.6981317007977318,
            "transform_matrix": [
                [
                    -0.8298363089561462,
                    0.17435866594314575,
                    -0.5300670862197876,
                    -1.0601340532302856
                ],
                [
                    -0.5580071806907654,
                    -0.25929635763168335,
                    0.7882852554321289,
                    1.5765702724456787
                ],
                [
                    -3.912949608775307e-08,
                    0.9499287605285645,
                    0.31246668100357056,
                    0.6249334812164307
                ],
                [
                    0,
                    0,
                    0,
                    1
                ]
            ]
        },
        {
            "file_path": "008.png",
            "camera_angle_x": 0.6981317007977318,
            "transform_matrix": [
                [
                    0.1979667693376541,
                    0.393412321805954,
                    -0.8977950811386108,
                    -1.7955900430679321
                ],
                [
                    -0.9802088141441345,
                    0.07945507764816284,
                    -0.18132224678993225,
                    -0.3626445233821869
                ],
                [
                    5.909976152906893e-08,
                    0.9159224033355713,
                    0.4013555943965912,
                    0.8027112483978271
                ],
                [
                    0,
                    0,
                    0,
                    1
                ]
            ]
        },
        {
            "file_path": "009.png",
            "camera_angle_x": 0.6981317007977318,
            "transform_matrix": [
                [
                    -0.19796685874462128,
                    -0.48054197430610657,
                    0.8543351888656616,
                    1.7086702585220337
                ],
                [
                    0.9802087545394897,
                    -0.09705212712287903,
                    0.1725449413061142,
                    0.345089852809906
                ],
                [
                    -5.971568839413521e-08,
                    0.871584951877594,
                    0.4902445077896118,
                    0.9804890155792236
                ],
                [
                    0,
                    0,
                    0,
                    1
                ]
            ]
        },
        {
            "file_path": "010.png",
            "camera_angle_x": 0.6981317007977318,
            "transform_matrix": [
                [
                    0.980208694934845,
                    -0.11464925110340118,
                    0.16138909757137299,
                    0.3227781355381012
                ],
                [
                    0.19796688854694366,
                    0.5676715970039368,
                    -0.7990984320640564,
                    -1.5981965065002441
                ],
                [
                    -4.19238244120379e-09,
                    0.8152329325675964,
                    0.5791333913803101,
                    1.1582667827606201
                ],
                [
                    0,
                    0,
                    0,
                    1
                ]
            ]
        },
        {
            "file_path": "011.png",
            "camera_angle_x": 0.6981317007977318,
            "transform_matrix": [
                [
                    -0.9802087545394897,
                    0.13224628567695618,
                    -0.14731530845165253,
                    -0.29463061690330505
                ],
                [
                    -0.19796687364578247,
                    -0.6548013091087341,
                    0.7294137477874756,
                    1.4588274955749512
                ],
                [
                    2.980931945728571e-09,
                    0.7441412806510925,
                    0.6680222749710083,
                    1.3360445499420166
                ],
                [
                    0,
                    0,
                    0,
                    1
                ]
            ]
        },
        {
            "file_path": "012.png",
            "camera_angle_x": 0.6981317007977318,
            "transform_matrix": [
                [
                    0.833095908164978,
                    0.4186692237854004,
                    -0.36147940158843994,
                    -0.7229586243629456
                ],
                [
                    -0.5531286001205444,
                    0.6305795311927795,
                    -0.5444431900978088,
                    -1.088886022567749
                ],
                [
                    -1.0466465028002858e-08,
                    0.6535179615020752,
                    0.7569110989570618,
                    1.5138224363327026
                ],
                [
                    0,
                    0,
                    0,
                    1
                ]
            ]
        },
        {
            "file_path": "013.png",
            "camera_angle_x": 0.6981317007977318,
            "transform_matrix": [
                [
                    -0.833095908164978,
                    -0.4678361117839813,
                    0.2950940430164337,
                    0.5901880860328674
                ],
                [
                    0.5531284809112549,
                    -0.7046325206756592,
                    0.44445666670799255,
                    0.8889133334159851
                ],
                [
                    -1.5874483949573914e-09,
                    0.5334999561309814,
                    0.8458000421524048,
                    1.6916002035140991
                ],
                [
                    0,
                    0,
                    0,
                    1
                ]
            ]
        },
        {
            "file_path": "014.png",
            "camera_angle_x": 0.6981317007977318,
            "transform_matrix": [
                [
                    0.5531284809112549,
                    -0.7786856293678284,
                    0.2961377799510956,
                    0.5922756195068359
                ],
                [
                    0.8330959677696228,
                    0.5170031189918518,
                    -0.1966186910867691,
                    -0.39323747158050537
                ],
                [
                    -1.940079030759989e-08,
                    0.3554666042327881,
                    0.9346889853477478,
                    1.8693779706954956
                ],
                [
                    0,
                    0,
                    0,
                    1
                ]
            ]
        }
    ]
}