{
    "aabb": [
        [
            -0.5,
            -0.5,
            -0.5
        ],
        [
            0.5,
            0.5,
            0.5
        ]
    ],
    "scale": 0.015625,
    "offset": [
        -0.4921875,
        -0.5,
        -0.4921875
    ],
    "frames": [
        {
            "file_path": "000.png",
            "camera_angle_x": 0.6981317007977318,
            "transform_matrix": [
                [
                    0.999826967716217,
                    -0.014729735441505909,
                    -0.011362290009856224,
                    -0.02272457629442215
                ],
                [
                    -0.018602868542075157,
                    -0.7916622161865234,
                    -0.6106759309768677,
                    -1.2213517427444458
                ],
                [
                    4.705782985503504e-11,
                    0.6107816100120544,
                    -0.7917991876602173,
                    -1.583598256111145
                ],
                [
                    0,
                    0,
                    0,
                    1
                ]
            ]
        },
        {
            "file_path": "001.png",
            "camera_angle_x": 0.6981317007977318,
            "transform_matrix": [
                [
                    -0.999826967716217,
                    0.009768969379365444,
                    0.015831422060728073,
                    0.03166284039616585
                ],
                [
                    0.018602868542075157,
                    0.5250414609909058,
                    0.8508733510971069,
                    1.7017464637756348
                ],
                [
                    1.872827448679004e-09,
                    0.8510205745697021,
                    -0.5251323580741882,
                    -1.0502649545669556
                ],
                [
                    0,
                    0,
                    0,
                    1
                ]
            ]
        },
        {
            "file_path": "002.png",
            "camera_angle_x": 0.6981317007977318,
            "transform_matrix": [
                [
                    0.018602823838591576,
                    0.25842103362083435,
                    0.9658532738685608,
                    1.931706428527832
                ],
                [
                    0.999826967716217,
                    -0.004808246158063412,
                    -0.01797071285545826,
                    -0.03594149649143219
                ],
                [
                    3.6073284803705974e-08,
                    0.966020405292511,
                    -0.2584657669067383,
                    -0.5169315934181213
                ],
                [
                    0,
                    0,
                    0,
                    1
                ]
            ]
        },
        {
            "file_path": "003.png",
            "camera_angle_x": 0.6981317007977318,
            "transform_matrix": [
                [
                    -0.01860295608639717,
                    0.0027330229058861732,
                    -0.999823272228241,
                    -1.9996464252471924
                ],
                [
                    -0.999826967716217,
                    -5.0816754082916304e-05,
                    0.018602855503559113,
                    0.037205591797828674
                ],
                [
                    6.484807357765021e-08,
                    0.9999963045120239,
                    0.0027334641199558973,
                    0.005467252340167761
                ],
                [
                    0,
                    0,
                    0,
                    1
                ]
            ]
        },
        {
            "file_path": "004.png",
            "camera_angle_x": 0.6981317007977318,
            "transform_matrix": [
                [
                    0.7201386094093323,
                    -0.06357043981552124,
                    0.6909118890762329,
                    1.3818236589431763
                ],
                [
                    0.6938302516937256,
                    0.06598078459501266,
                    -0.7171096801757812,
                    -1.434219241142273
                ],
                [
                    3.922675517742391e-09,
                    0.9957939386367798,
                    0.09162237495183945,
                    0.18324503302574158
                ],
                [
                    0,
                    0,
                    0,
                    1
                ]
            ]
        },
        {
            "file_path": "005.png",
            "camera_angle_x": 0.6981317007977318,
            "transform_matrix": [
                [
                    -0.7201387286186218,
                    0.12524421513080597,
                    -0.6824326515197754,
                    -1.3648651838302612
                ],
                [
                    -0.6938302516937256,
                    -0.1299932301044464,
                    0.7083088755607605,
                    1.4166176319122314
                ],
                [
                    9.294303993101494e-09,
                    0.9835729598999023,
                    0.1805112659931183,
                    0.36102280020713806
                ],
                [
                    0,
                    0,
                    0,
                    1
                ]
            ]
        },
        {
            "file_path": "006.png",
            "camera_angle_x": 0.6981317007977318,
            "transform_matrix": [
                [
                    -0.6938303709030151,
                    -0.1940055638551712,
                    0.6935139298439026,
                    1.3870277404785156
                ],
                [
                    0.720138669013977,
                    -0.18691809475421906,
                    0.6681782007217407,
                    1.336356282234192
                ],
                [
                    -5.2263921190842666e-08,
                    0.9630283713340759,
                    0.26940014958381653,
                    0.5388005971908569
                ],
                [
                    0,
                    0,
                    0,
                    1
                ]
            ]
        },
        {
            "file_path": "007.png",
            "camera_angle_x": 0.6981317007977318,
            "transform_matrix": [
                [
                    0.6938301920890808,
                    0.258017897605896,
                    -0.6723291277885437,
                    -1.3446582555770874
                ],
                [
                    -0.720138669013977,
                    0.2485918253660202,
                    -0.6477673053741455,
                    -1.2955344915390015
                ],
                [
                    -1.1901136076630792e-08,
                    0.9336106777191162,
                    0.3582891523838043,
                    0.7165783643722534
                ],
                [
                    0,
                    0,
                    0,
                    1
                ]
            ]
        },
        {
            "file_path": "008.png",
            "camera_angle_x": 0.6981317007977318,
            "transform_matrix": [
                [
                    0.9308386445045471,
                    -0.1634124517440796,
                    0.32685741782188416,
                    0.6537147760391235
                ],
                [
                    0.36543041467666626,
                    0.4162505269050598,
                    -0.832584023475647,
                    -1.6651679277420044
                ],
                [
                    1.4857023167280659e-08,
                    0.89444500207901,
                    0.4471779763698578,
                    0.8943561315536499
                ],
                [
                    0,
                    0,
                    0,
                    1
                ]
            ]
        },
        {
            "file_path": "009.png",
            "camera_angle_x": 0.6981317007977318,
            "transform_matrix": [
                [
                    -0.9308386445045471,
                    0.19589519500732422,
                    -0.3084873855113983,
                    -0.6169747710227966
                ],
                [
                    -0.36543041467666626,
                    -0.49899181723594666,
                    0.7857911586761475,
                    1.571582317352295
                ],
                [
                    3.402251991246885e-08,
                    0.8441754579544067,
                    0.5360669493675232,
                    1.0721338987350464
                ],
                [
                    0,
                    0,
                    0,
                    1
                ]
            ]
        },
        {
            "file_path": "010.png",
            "camera_angle_x": 0.6981317007977318,
            "transform_matrix": [
                [
                    -0.36543065309524536,
                    -0.5817330479621887,
                    0.726668655872345,
                    1.4533371925354004
                ],
                [
                    0.9308387041091919,
                    -0.2283780872821808,
                    0.28527700901031494,
                    0.5705538392066956
                ],
                [
                    7.209287389287056e-08,
                    0.7806602120399475,
                    0.6249557733535767,
                    1.2499116659164429
                ],
                [
                    0,
                    0,
                    0,
                    1
                ]
            ]
        },
        {
            "file_path": "011.png",
            "camera_angle_x": 0.6981317007977318,
            "transform_matrix": [
                [
                    0.3654303550720215,
                    0.6644743084907532,
                    -0.65187007188797,
                    -1.3037400245666504
                ],
                [
                    -0.9308387041091919,
                    0.26086053252220154,
                    -0.2559123933315277,
                    -0.5118247270584106
                ],
                [
                    -1.9232579973049724e-09,
                    0.7003040313720703,
                    0.7138447165489197,
                    1.4276894330978394
                ],
                [
                    0,
                    0,
                    0,
                    1
                ]
            ]
        },
        {
            "file_path": "012.png",
            "camera_angle_x": 0.6981317007977318,
            "transform_matrix": [
                [
                    0.399804025888443,
                    -0.7357861995697021,
                    0.5466035604476929,
                    1.0932071208953857
                ],
                [
                    0.9166006445884705,
                    0.3209361732006073,
                    -0.23841820657253265,
                    -0.4768364727497101
                ],
                [
                    -4.5621600719414346e-08,
                    0.5963377356529236,
                    0.8027336597442627,
                    1.6054672002792358
                ],
                [
                    0,
                    0,
                    0,
                    1
                ]
            ]
        },
        {
            "file_path": "013.png",
            "camera_angle_x": 0.6981317007977318,
            "transform_matrix": [
                [
                    -0.39980408549308777,
                    0.817261815071106,
                    -0.41501790285110474,
                    -0.8300359845161438
                ],
                [
                    -0.9166005849838257,
                    -0.35647428035736084,
                    0.18102316558361053,
                    0.36204615235328674
                ],
                [
                    1.0591194410380922e-07,
                    0.4527794420719147,
                    0.8916225433349609,
                    1.7832450866699219
                ],
                [
                    0,
                    0,
                    0,
                    1
                ]
            ]
        },
        {
            "file_path": "014.png",
            "camera_angle_x": 0.6981317007977318,
            "transform_matrix": [
                [
                    -0.91660076379776,
                    -0.3920123875141144,
                    0.07854634523391724,
                    0.15709273517131805
                ],
                [
                    0.3998039960861206,
                    -0.8987374901771545,
                    0.18007725477218628,
                    0.3601547181606293
                ],
                [
                    2.915825092486557e-08,
                    0.19646206498146057,
                    0.9805114269256592,
                    1.9610228538513184
                ],
                [
                    0,
                    0,
                    0,
                    1
                ]
            ]
        }
    ]
}