{
    "aabb": [
        [
            -0.5,
            -0.5,
            -0.5
        ],
        [
            0.5,
            0.5,
            0.5
        ]
    ],
    "scale": 0.015625,
    "offset": [
        -0.4921875,
        -0.4921875,
        -0.4921875
    ],
    "frames": [
        {
            "file_path": "000.png",
            "camera_angle_x": 0.6981317007977318,
            "transform_matrix": [
                [
                    0.12548919022083282,
                    -0.737044095993042,
                    -0.6640923023223877,
                    -1.3281844854354858
                ],
                [
                    -0.9920950531959534,
                    -0.09322807192802429,
                    -0.08400049060583115,
                    -0.16800101101398468
                ],
                [
                    5.374360867449468e-08,
                    0.6693837642669678,
                    -0.7429168820381165,
                    -1.4858336448669434
                ],
                [
                    0,
                    0,
                    0,
                    1
                ]
            ]
        },
        {
            "file_path": "001.png",
            "camera_angle_x": 0.6981317007977318,
            "transform_matrix": [
                [
                    -0.12548938393592834,
                    0.47248536348342896,
                    0.8723588585853577,
                    1.7447177171707153
                ],
                [
                    0.9920949339866638,
                    0.05976437032222748,
                    0.11034402996301651,
                    0.22068797051906586
                ],
                [
                    -3.950700033783505e-08,
                    0.8793098330497742,
                    -0.47625014185905457,
                    -0.9525002837181091
                ],
                [
                    0,
                    0,
                    0,
                    1
                ]
            ]
        },
        {
            "file_path": "002.png",
            "camera_angle_x": 0.6981317007977318,
            "transform_matrix": [
                [
                    0.9920949935913086,
                    0.02630048617720604,
                    0.12270227819681168,
                    0.24540457129478455
                ],
                [
                    0.12548930943012238,
                    -0.20792675018310547,
                    -0.9700613617897034,
                    -1.9401226043701172
                ],
                [
                    -3.4808764759475253e-09,
                    0.9777907729148865,
                    -0.20958352088928223,
                    -0.4191669821739197
                ],
                [
                    0,
                    0,
                    0,
                    1
                ]
            ]
        },
        {
            "file_path": "003.png",
            "camera_angle_x": 0.6981317007977318,
            "transform_matrix": [
                [
                    -0.9920949339866638,
                    0.0023877848871052265,
                    -0.12546658515930176,
                    -0.2509331703186035
                ],
                [
                    -0.12548929452896118,
                    -0.018877364695072174,
                    0.9919153451919556,
                    1.9838306903839111
                ],
                [
                    -2.2265189691950127e-09,
                    0.9998189210891724,
                    0.019027847796678543,
                    0.038055453449487686
                ],
                [
                    0,
                    0,
                    0,
                    1
                ]
            ]
        },
        {
            "file_path": "004.png",
            "camera_angle_x": 0.6981317007977318,
            "transform_matrix": [
                [
                    0.7902514338493347,
                    0.06612943857908249,
                    -0.609204113483429,
                    -1.2184081077575684
                ],
                [
                    -0.6127827763557434,
                    0.08528117090463638,
                    -0.7856363654136658,
                    -1.571272611618042
                ],
                [
                    -1.7256590822967155e-08,
                    0.994159996509552,
                    0.10791652649641037,
                    0.21583323180675507
                ],
                [
                    0,
                    0,
                    0,
                    1
                ]
            ]
        },
        {
            "file_path": "005.png",
            "camera_angle_x": 0.6981317007977318,
            "transform_matrix": [
                [
                    -0.790251612663269,
                    -0.12059905380010605,
                    0.6007983088493347,
                    1.2015964984893799
                ],
                [
                    0.6127827763557434,
                    -0.15552589297294617,
                    0.7747962474822998,
                    1.5495922565460205
                ],
                [
                    -6.120870210679641e-08,
                    0.9804426431655884,
                    0.19680540263652802,
                    0.39361101388931274
                ],
                [
                    0,
                    0,
                    0,
                    1
                ]
            ]
        },
        {
            "file_path": "006.png",
            "camera_angle_x": 0.6981317007977318,
            "transform_matrix": [
                [
                    0.6127827167510986,
                    -0.22577035427093506,
                    0.7573143839836121,
                    1.5146287679672241
                ],
                [
                    0.7902514338493347,
                    0.17506861686706543,
                    -0.5872423648834229,
                    -1.1744848489761353
                ],
                [
                    -2.687139044610376e-08,
                    0.9583207368850708,
                    0.2856943905353546,
                    0.5713887810707092
                ],
                [
                    0,
                    0,
                    0,
                    1
                ]
            ]
        },
        {
            "file_path": "007.png",
            "camera_angle_x": 0.6981317007977318,
            "transform_matrix": [
                [
                    -0.6127826571464539,
                    0.2960149347782135,
                    -0.7327158451080322,
                    -1.465431571006775
                ],
                [
                    -0.7902514934539795,
                    -0.22953809797763824,
                    0.5681679844856262,
                    1.136336088180542
                ],
                [
                    2.406437715762877e-09,
                    0.927193284034729,
                    0.3745832145214081,
                    0.7491665482521057
                ],
                [
                    0,
                    0,
                    0,
                    1
                ]
            ]
        },
        {
            "file_path": "008.png",
            "camera_angle_x": 0.6981317007977318,
            "transform_matrix": [
                [
                    0.49559536576271057,
                    0.4025503396987915,
                    -0.7696353197097778,
                    -1.5392705202102661
                ],
                [
                    -0.8685535192489624,
                    0.22969458997249603,
                    -0.4391527771949768,
                    -0.8783053755760193
                ],
                [
                    -2.6682242193487582e-08,
                    0.8861114978790283,
                    0.46347206830978394,
                    0.9269443154335022
                ],
                [
                    0,
                    0,
                    0,
                    1
                ]
            ]
        },
        {
            "file_path": "009.png",
            "camera_angle_x": 0.6981317007977318,
            "transform_matrix": [
                [
                    -0.49559521675109863,
                    -0.479755163192749,
                    0.7240305542945862,
                    1.4480611085891724
                ],
                [
                    0.8685535192489624,
                    -0.2737475037574768,
                    0.41313067078590393,
                    0.8262614607810974
                ],
                [
                    -9.408442025460317e-09,
                    0.8336049318313599,
                    0.5523611307144165,
                    1.1047221422195435
                ],
                [
                    0,
                    0,
                    0,
                    1
                ]
            ]
        },
        {
            "file_path": "010.png",
            "camera_angle_x": 0.6981317007977318,
            "transform_matrix": [
                [
                    0.8685535192489624,
                    -0.3178005516529083,
                    0.38028624653816223,
                    0.7605723738670349
                ],
                [
                    0.49559542536735535,
                    0.556959867477417,
                    -0.666469156742096,
                    -1.3329379558563232
                ],
                [
                    -1.5608057069016468e-08,
                    0.7673322558403015,
                    0.6412498950958252,
                    1.28249990940094
                ],
                [
                    0,
                    0,
                    0,
                    1
                ]
            ]
        },
        {
            "file_path": "011.png",
            "camera_angle_x": 0.6981317007977318,
            "transform_matrix": [
                [
                    -0.8685535192489624,
                    0.3618534207344055,
                    -0.3386397361755371,
                    -0.6772794127464294
                ],
                [
                    -0.49559536576271057,
                    -0.6341646909713745,
                    0.5934815406799316,
                    1.1869632005691528
                ],
                [
                    -2.639684382188534e-08,
                    0.6832987666130066,
                    0.730138897895813,
                    1.4602776765823364
                ],
                [
                    0,
                    0,
                    0,
                    1
                ]
            ]
        },
        {
            "file_path": "012.png",
            "camera_angle_x": 0.6981317007977318,
            "transform_matrix": [
                [
                    0.9645988941192627,
                    0.21599507331848145,
                    -0.15131115913391113,
                    -0.3026222586631775
                ],
                [
                    -0.2637213170528412,
                    0.790033221244812,
                    -0.5534424781799316,
                    -1.1068848371505737
                ],
                [
                    -1.4540185944156292e-08,
                    0.5737540125846863,
                    0.8190276622772217,
                    1.638055443763733
                ],
                [
                    0,
                    0,
                    0,
                    1
                ]
            ]
        },
        {
            "file_path": "013.png",
            "camera_angle_x": 0.6981317007977318,
            "transform_matrix": [
                [
                    -0.9645988345146179,
                    -0.23943695425987244,
                    0.11053900420665741,
                    0.22107800841331482
                ],
                [
                    0.2637212872505188,
                    -0.8757752776145935,
                    0.40431246161460876,
                    0.8086248636245728
                ],
                [
                    -5.901502397875902e-09,
                    0.41915085911750793,
                    0.9079166054725647,
                    1.8158332109451294
                ],
                [
                    0,
                    0,
                    0,
                    1
                ]
            ]
        },
        {
            "file_path": "014.png",
            "camera_angle_x": 0.6981317007977318,
            "transform_matrix": [
                [
                    0.2637213170528412,
                    -0.9615175127983093,
                    0.07704012840986252,
                    0.1540798395872116
                ],
                [
                    0.9645989537239075,
                    0.2628788352012634,
                    -0.021062977612018585,
                    -0.04212541878223419
                ],
                [
                    2.0007520618037233e-07,
                    0.07986757904291153,
                    0.9968054890632629,
                    1.9936109781265259
                ],
                [
                    0,
                    0,
                    0,
                    1
                ]
            ]
        }
    ]
}