{
    "aabb": [
        [
            -0.5,
            -0.5,
            -0.5
        ],
        [
            0.5,
            0.5,
            0.5
        ]
    ],
    "scale": 0.015625,
    "offset": [
        -0.4921875,
        -0.4921875,
        -0.46875
    ],
    "frames": [
        {
            "file_path": "000.png",
            "camera_angle_x": 0.6981317007977318,
            "transform_matrix": [
                [
                    0.1330287754535675,
                    0.7273778915405273,
                    0.6732197403907776,
                    1.3464395999908447
                ],
                [
                    0.9911121726036072,
                    -0.09762997925281525,
                    -0.09036069363355637,
                    -0.1807214617729187
                ],
                [
                    4.631163008639305e-08,
                    0.6792568564414978,
                    -0.7339006662368774,
                    -1.4678012132644653
                ],
                [
                    0,
                    0,
                    0,
                    1
                ]
            ]
        },
        {
            "file_path": "001.png",
            "camera_angle_x": 0.6981317007977318,
            "transform_matrix": [
                [
                    -0.1330288201570511,
                    -0.4630812108516693,
                    -0.8762757182121277,
                    -1.7525514364242554
                ],
                [
                    -0.9911121726036072,
                    0.06215556338429451,
                    0.11761526763439178,
                    0.2352304905653
                ],
                [
                    -4.1160284069974296e-09,
                    0.8841337561607361,
                    -0.46723389625549316,
                    -0.9344678521156311
                ],
                [
                    0,
                    0,
                    0,
                    1
                ]
            ]
        },
        {
            "file_path": "002.png",
            "camera_angle_x": 0.6981317007977318,
            "transform_matrix": [
                [
                    -0.9911121726036072,
                    0.026681220158934593,
                    0.13032564520835876,
                    0.26065129041671753
                ],
                [
                    0.1330288052558899,
                    0.19878461956977844,
                    0.9709727168083191,
                    1.9419454336166382
                ],
                [
                    3.2481786149674008e-09,
                    0.9796799421310425,
                    -0.20056720077991486,
                    -0.4011344909667969
                ],
                [
                    0,
                    0,
                    0,
                    1
                ]
            ]
        },
        {
            "file_path": "003.png",
            "camera_angle_x": 0.6981317007977318,
            "transform_matrix": [
                [
                    0.9911121726036072,
                    0.002931063063442707,
                    -0.13299651443958282,
                    -0.26599299907684326
                ],
                [
                    -0.1330288201570511,
                    0.02183728851377964,
                    -0.9908716678619385,
                    -1.9817430973052979
                ],
                [
                    -7.075364738540202e-09,
                    0.9997573494911194,
                    0.022033117711544037,
                    0.044066280126571655
                ],
                [
                    0,
                    0,
                    0,
                    1
                ]
            ]
        },
        {
            "file_path": "004.png",
            "camera_angle_x": 0.6981317007977318,
            "transform_matrix": [
                [
                    -0.6067565083503723,
                    -0.0881706103682518,
                    0.7899825572967529,
                    1.5799651145935059
                ],
                [
                    0.7948877215385437,
                    -0.06730267405509949,
                    0.6030122637748718,
                    1.2060246467590332
                ],
                [
                    -1.5864237923324254e-08,
                    0.993829071521759,
                    0.11092209070920944,
                    0.22184406220912933
                ],
                [
                    0,
                    0,
                    0,
                    1
                ]
            ]
        },
        {
            "file_path": "005.png",
            "camera_angle_x": 0.6981317007977318,
            "transform_matrix": [
                [
                    0.6067565679550171,
                    0.15882723033428192,
                    -0.7788583636283875,
                    -1.557716727256775
                ],
                [
                    -0.7948876619338989,
                    0.12123662233352661,
                    -0.5945209860801697,
                    -1.1890419721603394
                ],
                [
                    1.8322729999908915e-08,
                    0.9798344373703003,
                    0.1998109370470047,
                    0.399621844291687
                ],
                [
                    0,
                    0,
                    0,
                    1
                ]
            ]
        },
        {
            "file_path": "006.png",
            "camera_angle_x": 0.6981317007977318,
            "transform_matrix": [
                [
                    -0.7948877215385437,
                    0.17517054080963135,
                    -0.5809206366539001,
                    -1.1618413925170898
                ],
                [
                    -0.6067565679550171,
                    -0.22948399186134338,
                    0.7610411047935486,
                    1.5220822095870972
                ],
                [
                    -6.487017145673235e-09,
                    0.9574196338653564,
                    0.2886998653411865,
                    0.5773996114730835
                ],
                [
                    0,
                    0,
                    0,
                    1
                ]
            ]
        },
        {
            "file_path": "007.png",
            "camera_angle_x": 0.6981317007977318,
            "transform_matrix": [
                [
                    0.7948876619338989,
                    -0.2291044294834137,
                    0.5618405342102051,
                    1.1236809492111206
                ],
                [
                    0.6067566275596619,
                    0.3001404404640198,
                    -0.7360448837280273,
                    -1.4720897674560547
                ],
                [
                    6.116155759627873e-08,
                    0.9259734749794006,
                    0.37758857011795044,
                    0.75517737865448
                ],
                [
                    0,
                    0,
                    0,
                    1
                ]
            ]
        },
        {
            "file_path": "008.png",
            "camera_angle_x": 0.6981317007977318,
            "transform_matrix": [
                [
                    -0.25637972354888916,
                    -0.45088616013526917,
                    0.8549686074256897,
                    1.7099370956420898
                ],
                [
                    0.9665762186050415,
                    -0.11959544569253922,
                    0.22677625715732574,
                    0.4535524845123291
                ],
                [
                    2.1581225695399553e-08,
                    0.8845330476760864,
                    0.46647757291793823,
                    0.9329551458358765
                ],
                [
                    0,
                    0,
                    0,
                    1
                ]
            ]
        },
        {
            "file_path": "009.png",
            "camera_angle_x": 0.6981317007977318,
            "transform_matrix": [
                [
                    0.25637954473495483,
                    0.5368040204048157,
                    -0.8038102984428406,
                    -1.6076205968856812
                ],
                [
                    -0.9665762186050415,
                    0.14238455891609192,
                    -0.21320676803588867,
                    -0.42641353607177734
                ],
                [
                    -4.415787913103486e-08,
                    0.8316057920455933,
                    0.5553664565086365,
                    1.110732913017273
                ],
                [
                    0,
                    0,
                    0,
                    1
                ]
            ]
        },
        {
            "file_path": "010.png",
            "camera_angle_x": 0.6981317007977318,
            "transform_matrix": [
                [
                    -0.9665761590003967,
                    0.16517391800880432,
                    -0.19608181715011597,
                    -0.39216363430023193
                ],
                [
                    -0.2563796043395996,
                    -0.622721791267395,
                    0.7392476201057434,
                    1.4784951210021973
                ],
                [
                    1.39946498833865e-09,
                    0.7648105025291443,
                    0.6442553400993347,
                    1.2885106801986694
                ],
                [
                    0,
                    0,
                    0,
                    1
                ]
            ]
        },
        {
            "file_path": "011.png",
            "camera_angle_x": 0.6981317007977318,
            "transform_matrix": [
                [
                    0.9665761590003967,
                    -0.18796327710151672,
                    0.17435690760612488,
                    0.34871381521224976
                ],
                [
                    0.2563796639442444,
                    0.7086397409439087,
                    -0.6573424935340881,
                    -1.3146849870681763
                ],
                [
                    4.526836239193699e-09,
                    0.6800731420516968,
                    0.7331442832946777,
                    1.466288447380066
                ],
                [
                    0,
                    0,
                    0,
                    1
                ]
            ]
        },
        {
            "file_path": "012.png",
            "camera_angle_x": 0.6981317007977318,
            "transform_matrix": [
                [
                    -0.8647602796554565,
                    -0.4128125011920929,
                    0.28596392273902893,
                    0.5719278454780579
                ],
                [
                    0.5021847486495972,
                    -0.7108616232872009,
                    0.49242880940437317,
                    0.9848576188087463
                ],
                [
                    2.5681547555223005e-08,
                    0.5694396495819092,
                    0.822033166885376,
                    1.644066333770752
                ],
                [
                    0,
                    0,
                    0,
                    1
                ]
            ]
        },
        {
            "file_path": "013.png",
            "camera_angle_x": 0.6981317007977318,
            "transform_matrix": [
                [
                    0.8647602796554565,
                    0.4574512541294098,
                    -0.20719067752361298,
                    -0.41438135504722595
                ],
                [
                    -0.5021848678588867,
                    0.7877292037010193,
                    -0.3567815124988556,
                    -0.7135631442070007
                ],
                [
                    -2.4368809192765184e-09,
                    0.4125785231590271,
                    0.9109220504760742,
                    1.8218441009521484
                ],
                [
                    0,
                    0,
                    0,
                    1
                ]
            ]
        },
        {
            "file_path": "014.png",
            "camera_angle_x": 0.6981317007977318,
            "transform_matrix": [
                [
                    -0.5021848678588867,
                    0.8645969033241272,
                    -0.01681489869952202,
                    -0.033631496131420135
                ],
                [
                    -0.8647603988647461,
                    -0.5020899772644043,
                    0.009763786569237709,
                    0.0195305272936821
                ],
                [
                    -8.51298409543233e-07,
                    0.01944408193230629,
                    0.9998109340667725,
                    1.999621868133545
                ],
                [
                    0,
                    0,
                    0,
                    1
                ]
            ]
        }
    ]
}