{
    "aabb": [
        [
            -0.5,
            -0.5,
            -0.5
        ],
        [
            0.5,
            0.5,
            0.5
        ]
    ],
    "scale": 0.015625,
    "offset": [
        -0.4921875,
        -0.4921875,
        -0.4921875
    ],
    "frames": [
        {
            "file_path": "000.png",
            "camera_angle_x": 0.6981317007977318,
            "transform_matrix": [
                [
                    -0.4027268886566162,
                    -0.8675093650817871,
                    -0.2919567823410034,
                    -0.5839135646820068
                ],
                [
                    -0.9153202772140503,
                    0.38169065117836,
                    0.1284564733505249,
                    0.2569129765033722
                ],
                [
                    5.753292953158962e-09,
                    0.318966805934906,
                    -0.9477660059928894,
                    -1.8955317735671997
                ],
                [
                    0,
                    0,
                    0,
                    1
                ]
            ]
        },
        {
            "file_path": "001.png",
            "camera_angle_x": 0.6981317007977318,
            "transform_matrix": [
                [
                    0.40272659063339233,
                    0.6234241127967834,
                    0.6701894998550415,
                    1.340378761291504
                ],
                [
                    0.9153205156326294,
                    -0.2742972671985626,
                    -0.2948729991912842,
                    -0.5897459983825684
                ],
                [
                    3.6421411664377956e-08,
                    0.732191264629364,
                    -0.6810997128486633,
                    -1.3621984720230103
                ],
                [
                    0,
                    0,
                    0,
                    1
                ]
            ]
        },
        {
            "file_path": "002.png",
            "camera_angle_x": 0.6981317007977318,
            "transform_matrix": [
                [
                    0.9153202176094055,
                    -0.16690309345722198,
                    -0.3665136396884918,
                    -0.7330272793769836
                ],
                [
                    -0.40272679924964905,
                    -0.37933847308158875,
                    -0.8330146670341492,
                    -1.6660293340682983
                ],
                [
                    -6.417160136606981e-10,
                    0.9100800156593323,
                    -0.4144325256347656,
                    -0.828865110874176
                ],
                [
                    0,
                    0,
                    0,
                    1
                ]
            ]
        },
        {
            "file_path": "003.png",
            "camera_angle_x": 0.6981317007977318,
            "transform_matrix": [
                [
                    -0.9153201580047607,
                    0.059509288519620895,
                    0.39830586314201355,
                    0.7966116666793823
                ],
                [
                    0.4027268588542938,
                    0.13525311648845673,
                    0.9052721261978149,
                    1.8105443716049194
                ],
                [
                    -2.8533797546970163e-09,
                    0.9890223741531372,
                    -0.1477658748626709,
                    -0.2955317795276642
                ],
                [
                    0,
                    0,
                    0,
                    1
                ]
            ]
        },
        {
            "file_path": "004.png",
            "camera_angle_x": 0.6981317007977318,
            "transform_matrix": [
                [
                    0.3624582886695862,
                    0.036938488483428955,
                    -0.9312677383422852,
                    -1.8625353574752808
                ],
                [
                    -0.9320000410079956,
                    0.01436544954776764,
                    -0.36217349767684937,
                    -0.7243469953536987
                ],
                [
                    -3.687025795784393e-08,
                    0.9992142915725708,
                    0.039633531123399734,
                    0.07926718890666962
                ],
                [
                    0,
                    0,
                    0,
                    1
                ]
            ]
        },
        {
            "file_path": "005.png",
            "camera_angle_x": 0.6981317007977318,
            "transform_matrix": [
                [
                    -0.3624584376811981,
                    -0.11978290975093842,
                    0.9242706298828125,
                    1.8485411405563354
                ],
                [
                    0.9320000410079956,
                    -0.046584080904722214,
                    0.35945233702659607,
                    0.7189045548439026
                ],
                [
                    -3.150375960103702e-08,
                    0.9917066693305969,
                    0.1285223364830017,
                    0.2570449709892273
                ],
                [
                    0,
                    0,
                    0,
                    1
                ]
            ]
        },
        {
            "file_path": "006.png",
            "camera_angle_x": 0.6981317007977318,
            "transform_matrix": [
                [
                    0.9319999814033508,
                    -0.07880260795354843,
                    0.3537883758544922,
                    0.7075766324996948
                ],
                [
                    0.36245837807655334,
                    0.20262740552425385,
                    -0.9097067713737488,
                    -1.819413185119629
                ],
                [
                    -3.6570543926472965e-08,
                    0.9760802388191223,
                    0.21741138398647308,
                    0.4348227381706238
                ],
                [
                    0,
                    0,
                    0,
                    1
                ]
            ]
        },
        {
            "file_path": "007.png",
            "camera_angle_x": 0.6981317007977318,
            "transform_matrix": [
                [
                    -0.9320001006126404,
                    0.11102107912302017,
                    -0.34503668546676636,
                    -0.6900734305381775
                ],
                [
                    -0.3624582588672638,
                    -0.28547200560569763,
                    0.8872033953666687,
                    1.7744067907333374
                ],
                [
                    -2.024740552997173e-08,
                    0.9519349336624146,
                    0.3063003420829773,
                    0.6126005053520203
                ],
                [
                    0,
                    0,
                    0,
                    1
                ]
            ]
        },
        {
            "file_path": "008.png",
            "camera_angle_x": 0.6981317007977318,
            "transform_matrix": [
                [
                    -0.02179320715367794,
                    0.39509519934654236,
                    -0.9183816909790039,
                    -1.8367632627487183
                ],
                [
                    -0.9997625350952148,
                    -0.008612498641014099,
                    0.020019186660647392,
                    0.04003840312361717
                ],
                [
                    -4.3373333369345346e-08,
                    0.9185998439788818,
                    0.3951890170574188,
                    0.7903782725334167
                ],
                [
                    0,
                    0,
                    0,
                    1
                ]
            ]
        },
        {
            "file_path": "009.png",
            "camera_angle_x": 0.6981317007977318,
            "transform_matrix": [
                [
                    0.021793045103549957,
                    -0.48396316170692444,
                    0.8748170137405396,
                    1.749634027481079
                ],
                [
                    0.9997625350952148,
                    0.010549526661634445,
                    -0.0190694872289896,
                    -0.03813913092017174
                ],
                [
                    -1.748327704831354e-08,
                    0.8750248551368713,
                    0.4840781092643738,
                    0.968156099319458
                ],
                [
                    0,
                    0,
                    0,
                    1
                ]
            ]
        },
        {
            "file_path": "010.png",
            "camera_angle_x": 0.6981317007977318,
            "transform_matrix": [
                [
                    0.9997624754905701,
                    0.012486767955124378,
                    -0.017861217260360718,
                    -0.03572242707014084
                ],
                [
                    -0.021793173626065254,
                    0.5728307962417603,
                    -0.819383978843689,
                    -1.6387677192687988
                ],
                [
                    5.985824058640787e-10,
                    0.8195786476135254,
                    0.5729668736457825,
                    1.1459338665008545
                ],
                [
                    0,
                    0,
                    0,
                    1
                ]
            ]
        },
        {
            "file_path": "011.png",
            "camera_angle_x": 0.6981317007977318,
            "transform_matrix": [
                [
                    -0.9997628927230835,
                    -0.01442394033074379,
                    0.016336845234036446,
                    0.032673679292201996
                ],
                [
                    0.021793177351355553,
                    -0.6616989374160767,
                    0.7494533061981201,
                    1.4989062547683716
                ],
                [
                    -1.1057289528437764e-09,
                    0.7496313452720642,
                    0.6618556976318359,
                    1.323711633682251
                ],
                [
                    0,
                    0,
                    0,
                    1
                ]
            ]
        },
        {
            "file_path": "012.png",
            "camera_angle_x": 0.6981317007977318,
            "transform_matrix": [
                [
                    0.6915287375450134,
                    0.5422996878623962,
                    -0.47717827558517456,
                    -0.9543564915657043
                ],
                [
                    -0.7223489880561829,
                    0.519161581993103,
                    -0.45681867003440857,
                    -0.9136373400688171
                ],
                [
                    4.2777767106372266e-08,
                    0.6605924367904663,
                    0.7507447600364685,
                    1.5014894008636475
                ],
                [
                    0,
                    0,
                    0,
                    1
                ]
            ]
        },
        {
            "file_path": "013.png",
            "camera_angle_x": 0.6981317007977318,
            "transform_matrix": [
                [
                    -0.6915286779403687,
                    -0.6065084338188171,
                    0.39234617352485657,
                    0.7846923470497131
                ],
                [
                    0.7223489284515381,
                    -0.5806306600570679,
                    0.37560608983039856,
                    0.7512121200561523
                ],
                [
                    -1.1247623277199637e-08,
                    0.5431532263755798,
                    0.839633584022522,
                    1.679267168045044
                ],
                [
                    0,
                    0,
                    0,
                    1
                ]
            ]
        },
        {
            "file_path": "014.png",
            "camera_angle_x": 0.6981317007977318,
            "transform_matrix": [
                [
                    0.7223489880561829,
                    -0.6420999765396118,
                    0.25674816966056824,
                    0.5134962797164917
                ],
                [
                    0.6915287375450134,
                    0.6707172393798828,
                    -0.26819103956222534,
                    -0.5363819003105164
                ],
                [
                    1.2813955230228657e-08,
                    0.37127625942230225,
                    0.9285224676132202,
                    1.8570449352264404
                ],
                [
                    0,
                    0,
                    0,
                    1
                ]
            ]
        }
    ]
}