{
    "aabb": [
        [
            -0.5,
            -0.5,
            -0.5
        ],
        [
            0.5,
            0.5,
            0.5
        ]
    ],
    "scale": 0.015625,
    "offset": [
        -0.4921875,
        -0.4921875,
        -0.4921875
    ],
    "frames": [
        {
            "file_path": "000.png",
            "camera_angle_x": 0.6981317007977318,
            "transform_matrix": [
                [
                    0.37207716703414917,
                    -0.748034656047821,
                    -0.5495480895042419,
                    -1.0990959405899048
                ],
                [
                    -0.9282019734382629,
                    -0.29985618591308594,
                    -0.220290869474411,
                    -0.4405815899372101
                ],
                [
                    -2.674829957527436e-08,
                    0.5920566916465759,
                    -0.8058969378471375,
                    -1.611792802810669
                ],
                [
                    0,
                    0,
                    0,
                    1
                ]
            ]
        },
        {
            "file_path": "001.png",
            "camera_angle_x": 0.6981317007977318,
            "transform_matrix": [
                [
                    -0.3720771372318268,
                    0.500514030456543,
                    0.7816932201385498,
                    1.5633864402770996
                ],
                [
                    0.9282017946243286,
                    0.20063510537147522,
                    0.3133479952812195,
                    0.6266961693763733
                ],
                [
                    -1.6819074133422873e-08,
                    0.8421586751937866,
                    -0.539229691028595,
                    -1.0784595012664795
                ],
                [
                    0,
                    0,
                    0,
                    1
                ]
            ]
        },
        {
            "file_path": "002.png",
            "camera_angle_x": 0.6981317007977318,
            "transform_matrix": [
                [
                    0.9282017350196838,
                    0.10141446441411972,
                    0.35798972845077515,
                    0.715979278087616
                ],
                [
                    0.3720773160457611,
                    -0.2529936134815216,
                    -0.8930583000183105,
                    -1.7861162424087524
                ],
                [
                    1.9253571181820917e-08,
                    0.9621381163597107,
                    -0.2725631296634674,
                    -0.5451260805130005
                ],
                [
                    0,
                    0,
                    0,
                    1
                ]
            ]
        },
        {
            "file_path": "003.png",
            "camera_angle_x": 0.6981317007977318,
            "transform_matrix": [
                [
                    -0.9282018542289734,
                    -0.002193873282521963,
                    -0.3720708191394806,
                    -0.7441415786743164
                ],
                [
                    -0.3720772862434387,
                    0.005472840275615454,
                    0.9281857013702393,
                    1.856371283531189
                ],
                [
                    -1.7672071805918677e-08,
                    0.9999826550483704,
                    -0.005896293558180332,
                    -0.011792775243520737
                ],
                [
                    0,
                    0,
                    0,
                    1
                ]
            ]
        },
        {
            "file_path": "004.png",
            "camera_angle_x": 0.6981317007977318,
            "transform_matrix": [
                [
                    0.9194360971450806,
                    0.03418171405792236,
                    -0.3917510509490967,
                    -0.7835019826889038
                ],
                [
                    -0.39323943853378296,
                    0.07992052286863327,
                    -0.9159560799598694,
                    -1.8319120407104492
                ],
                [
                    1.7288876108523255e-08,
                    0.9962150454521179,
                    0.08692340552806854,
                    0.17384685575962067
                ],
                [
                    0,
                    0,
                    0,
                    1
                ]
            ]
        },
        {
            "file_path": "005.png",
            "camera_angle_x": 0.6981317007977318,
            "transform_matrix": [
                [
                    -0.9194362163543701,
                    -0.06913633644580841,
                    0.38711419701576233,
                    0.7742283940315247
                ],
                [
                    0.39323943853378296,
                    -0.16164825856685638,
                    0.9051147699356079,
                    1.8102294206619263
                ],
                [
                    4.245473306241365e-09,
                    0.9844237565994263,
                    0.17581230401992798,
                    0.35162463784217834
                ],
                [
                    0,
                    0,
                    0,
                    1
                ]
            ]
        },
        {
            "file_path": "006.png",
            "camera_angle_x": 0.6981317007977318,
            "transform_matrix": [
                [
                    0.39323940873146057,
                    -0.24337580800056458,
                    0.8866403102874756,
                    1.7732805013656616
                ],
                [
                    0.9194361567497253,
                    0.10409083217382431,
                    -0.37921279668807983,
                    -0.7584255337715149
                ],
                [
                    6.328585300252598e-08,
                    0.9643305540084839,
                    0.26470109820365906,
                    0.5294024348258972
                ],
                [
                    0,
                    0,
                    0,
                    1
                ]
            ]
        },
        {
            "file_path": "007.png",
            "camera_angle_x": 0.6981317007977318,
            "transform_matrix": [
                [
                    -0.39323949813842773,
                    0.3251035511493683,
                    -0.8600410223007202,
                    -1.7200819253921509
                ],
                [
                    -0.9194362163543701,
                    -0.1390456110239029,
                    0.3678363561630249,
                    0.735672652721405
                ],
                [
                    4.660243391185759e-08,
                    0.9354005455970764,
                    0.35359007120132446,
                    0.7071802020072937
                ],
                [
                    0,
                    0,
                    0,
                    1
                ]
            ]
        },
        {
            "file_path": "008.png",
            "camera_angle_x": 0.6981317007977318,
            "transform_matrix": [
                [
                    0.6989619731903076,
                    0.31644272804260254,
                    -0.6413393616676331,
                    -1.2826786041259766
                ],
                [
                    -0.7151588797569275,
                    0.3092758357524872,
                    -0.6268144249916077,
                    -1.2536287307739258
                ],
                [
                    -7.207075469750635e-08,
                    0.89677894115448,
                    0.44247886538505554,
                    0.8849579691886902
                ],
                [
                    0,
                    0,
                    0,
                    1
                ]
            ]
        },
        {
            "file_path": "009.png",
            "camera_angle_x": 0.6981317007977318,
            "transform_matrix": [
                [
                    -0.6989621520042419,
                    -0.3800123929977417,
                    0.6058405041694641,
                    1.2116810083389282
                ],
                [
                    0.7151588201522827,
                    -0.37140607833862305,
                    0.592119574546814,
                    1.1842390298843384
                ],
                [
                    3.3898057694159434e-08,
                    0.8471412658691406,
                    0.531367838382721,
                    1.0627357959747314
                ],
                [
                    0,
                    0,
                    0,
                    1
                ]
            ]
        },
        {
            "file_path": "010.png",
            "camera_angle_x": 0.6981317007977318,
            "transform_matrix": [
                [
                    0.7151588201522827,
                    -0.4335358738899231,
                    0.5482649803161621,
                    1.0965299606323242
                ],
                [
                    0.6989619731903076,
                    0.44358211755752563,
                    -0.5609697699546814,
                    -1.1219395399093628
                ],
                [
                    -1.4092998767978315e-08,
                    0.7843988537788391,
                    0.620256781578064,
                    1.240513563156128
                ],
                [
                    0,
                    0,
                    0,
                    1
                ]
            ]
        },
        {
            "file_path": "011.png",
            "camera_angle_x": 0.6981317007977318,
            "transform_matrix": [
                [
                    -0.7151588797569275,
                    0.4956658184528351,
                    -0.49281153082847595,
                    -0.9856231212615967
                ],
                [
                    -0.6989619135856628,
                    -0.5071517825126648,
                    0.504231333732605,
                    1.00846266746521
                ],
                [
                    -1.6052553064582753e-08,
                    0.7050620317459106,
                    0.7091456651687622,
                    1.4182913303375244
                ],
                [
                    0,
                    0,
                    0,
                    1
                ]
            ]
        },
        {
            "file_path": "012.png",
            "camera_angle_x": 0.6981317007977318,
            "transform_matrix": [
                [
                    0.9999344348907471,
                    0.00913979671895504,
                    -0.006901642307639122,
                    -0.01380328368395567
                ],
                [
                    -0.01145288348197937,
                    0.7979821562767029,
                    -0.6025722622871399,
                    -1.2051444053649902
                ],
                [
                    -1.3450640601320174e-10,
                    0.602611780166626,
                    0.7980344891548157,
                    1.596069097518921
                ],
                [
                    0,
                    0,
                    0,
                    1
                ]
            ]
        },
        {
            "file_path": "013.png",
            "camera_angle_x": 0.6981317007977318,
            "transform_matrix": [
                [
                    -0.9999346137046814,
                    -0.010157831944525242,
                    0.005290275439620018,
                    0.01058055181056261
                ],
                [
                    0.011452884413301945,
                    -0.886865496635437,
                    0.46188613772392273,
                    0.923772394657135
                ],
                [
                    2.3436064200410556e-10,
                    0.461916446685791,
                    0.8869234323501587,
                    1.7738468647003174
                ],
                [
                    0,
                    0,
                    0,
                    1
                ]
            ]
        },
        {
            "file_path": "014.png",
            "camera_angle_x": 0.6981317007977318,
            "transform_matrix": [
                [
                    0.011453025974333286,
                    -0.9757482409477234,
                    0.2185956835746765,
                    0.43719130754470825
                ],
                [
                    0.9999343752861023,
                    0.01117599569261074,
                    -0.0025037764571607113,
                    -0.005007429514080286
                ],
                [
                    4.132435549308866e-08,
                    0.218610018491745,
                    0.9758123159408569,
                    1.9516246318817139
                ],
                [
                    0,
                    0,
                    0,
                    1
                ]
            ]
        }
    ]
}