{
    "aabb": [
        [
            -0.5,
            -0.5,
            -0.5
        ],
        [
            0.5,
            0.5,
            0.5
        ]
    ],
    "scale": 0.015625,
    "offset": [
        -0.4921875,
        -0.4921875,
        -0.4921875
    ],
    "frames": [
        {
            "file_path": "000.png",
            "camera_angle_x": 0.6981317007977318,
            "transform_matrix": [
                [
                    -0.1472342610359192,
                    0.7492278218269348,
                    0.6457399129867554,
                    1.2914798259735107
                ],
                [
                    0.9891018271446228,
                    0.11152729392051697,
                    0.09612243622541428,
                    0.19224490225315094
                ],
                [
                    -1.1088355478250378e-07,
                    0.6528549194335938,
                    -0.7574832439422607,
                    -1.5149660110473633
                ],
                [
                    0,
                    0,
                    0,
                    1
                ]
            ]
        },
        {
            "file_path": "001.png",
            "camera_angle_x": 0.6981317007977318,
            "transform_matrix": [
                [
                    0.14723390340805054,
                    -0.4854673743247986,
                    -0.8617678284645081,
                    -1.7235355377197266
                ],
                [
                    -0.989101767539978,
                    -0.07226496189832687,
                    -0.12827956676483154,
                    -0.2565591335296631
                ],
                [
                    1.1756682738450763e-08,
                    0.8712631464004517,
                    -0.49081653356552124,
                    -0.981632649898529
                ],
                [
                    0,
                    0,
                    0,
                    1
                ]
            ]
        },
        {
            "file_path": "002.png",
            "camera_angle_x": 0.6981317007977318,
            "transform_matrix": [
                [
                    -0.9891018271446228,
                    -0.03300245851278305,
                    -0.14348763227462769,
                    -0.2869752049446106
                ],
                [
                    -0.14723403751850128,
                    0.22170671820640564,
                    0.9639338254928589,
                    1.9278674125671387
                ],
                [
                    -3.6639384859427082e-09,
                    0.9745548367500305,
                    -0.22414973378181458,
                    -0.4482992887496948
                ],
                [
                    0,
                    0,
                    0,
                    1
                ]
            ]
        },
        {
            "file_path": "003.png",
            "camera_angle_x": 0.6981317007977318,
            "transform_matrix": [
                [
                    0.9891017079353333,
                    -0.002086656866595149,
                    0.1472192108631134,
                    0.2944384515285492
                ],
                [
                    0.1472340077161789,
                    0.014017978683114052,
                    -0.9890023469924927,
                    -1.9780046939849854
                ],
                [
                    -6.110736361364388e-09,
                    0.9998995661735535,
                    0.014172433875501156,
                    0.02834467962384224
                ],
                [
                    0,
                    0,
                    0,
                    1
                ]
            ]
        },
        {
            "file_path": "004.png",
            "camera_angle_x": 0.6981317007977318,
            "transform_matrix": [
                [
                    -0.8035106658935547,
                    -0.06135129928588867,
                    0.5921204090118408,
                    1.1842408180236816
                ],
                [
                    0.5952903032302856,
                    -0.08281075209379196,
                    0.799232006072998,
                    1.598464012145996
                ],
                [
                    1.5477679582431847e-08,
                    0.9946750402450562,
                    0.10306115448474884,
                    0.20612245798110962
                ],
                [
                    0,
                    0,
                    0,
                    1
                ]
            ]
        },
        {
            "file_path": "005.png",
            "camera_angle_x": 0.6981317007977318,
            "transform_matrix": [
                [
                    0.8035107254981995,
                    0.11426607519388199,
                    -0.5842207074165344,
                    -1.1684414148330688
                ],
                [
                    -0.5952903032302856,
                    0.15423402190208435,
                    -0.7885691523551941,
                    -1.5771383047103882
                ],
                [
                    5.196943320129321e-09,
                    0.9814046621322632,
                    0.19195017218589783,
                    0.3839002251625061
                ],
                [
                    0,
                    0,
                    0,
                    1
                ]
            ]
        },
        {
            "file_path": "006.png",
            "camera_angle_x": 0.6981317007977318,
            "transform_matrix": [
                [
                    -0.5952902436256409,
                    0.2256571352481842,
                    -0.7711732983589172,
                    -1.5423465967178345
                ],
                [
                    -0.8035106658935547,
                    -0.16718073189258575,
                    0.5713327527046204,
                    1.1426656246185303
                ],
                [
                    -1.8935747192472263e-08,
                    0.9597548842430115,
                    0.2808390259742737,
                    0.5616779923439026
                ],
                [
                    0,
                    0,
                    0,
                    1
                ]
            ]
        },
        {
            "file_path": "007.png",
            "camera_angle_x": 0.6981317007977318,
            "transform_matrix": [
                [
                    0.5952903032302856,
                    -0.29708030819892883,
                    0.7465739846229553,
                    1.4931479692459106
                ],
                [
                    0.8035107254981995,
                    0.2200954109430313,
                    -0.5531080365180969,
                    -1.1062161922454834
                ],
                [
                    1.6374706035549025e-09,
                    0.9291400909423828,
                    0.36972787976264954,
                    0.7394558191299438
                ],
                [
                    0,
                    0,
                    0,
                    1
                ]
            ]
        },
        {
            "file_path": "008.png",
            "camera_angle_x": 0.6981317007977318,
            "transform_matrix": [
                [
                    -0.5145392417907715,
                    -0.39324867725372314,
                    0.7619743347167969,
                    1.5239485502243042
                ],
                [
                    0.8574668765068054,
                    -0.23597630858421326,
                    0.4572371542453766,
                    0.9144744277000427
                ],
                [
                    -4.042860624053901e-08,
                    0.888634204864502,
                    0.4586167335510254,
                    0.9172335863113403
                ],
                [
                    0,
                    0,
                    0,
                    1
                ]
            ]
        },
        {
            "file_path": "009.png",
            "camera_angle_x": 0.6981317007977318,
            "transform_matrix": [
                [
                    0.5145393013954163,
                    0.46946799755096436,
                    -0.7175298929214478,
                    -1.4350597858428955
                ],
                [
                    -0.8574668169021606,
                    0.28171321749687195,
                    -0.43056753277778625,
                    -0.8611350655555725
                ],
                [
                    1.965972273865191e-09,
                    0.8368019461631775,
                    0.5475057363510132,
                    1.0950113534927368
                ],
                [
                    0,
                    0,
                    0,
                    1
                ]
            ]
        },
        {
            "file_path": "010.png",
            "camera_angle_x": 0.6981317007977318,
            "transform_matrix": [
                [
                    -0.8574671149253845,
                    0.32745012640953064,
                    -0.3968970775604248,
                    -0.7937939167022705
                ],
                [
                    -0.5145394802093506,
                    -0.5456874966621399,
                    0.6614189147949219,
                    1.322837471961975
                ],
                [
                    1.0915773174247079e-08,
                    0.7713638544082642,
                    0.6363944411277771,
                    1.2727891206741333
                ],
                [
                    0,
                    0,
                    0,
                    1
                ]
            ]
        },
        {
            "file_path": "011.png",
            "camera_angle_x": 0.6981317007977318,
            "transform_matrix": [
                [
                    0.8574666976928711,
                    -0.37318697571754456,
                    0.3542349338531494,
                    0.708469569683075
                ],
                [
                    0.5145394802093506,
                    0.6219062805175781,
                    -0.5903235077857971,
                    -1.1806466579437256
                ],
                [
                    1.9728446432054625e-08,
                    0.6884505748748779,
                    0.7252833247184753,
                    1.4505668878555298
                ],
                [
                    0,
                    0,
                    0,
                    1
                ]
            ]
        },
        {
            "file_path": "012.png",
            "camera_angle_x": 0.6981317007977318,
            "transform_matrix": [
                [
                    -0.9701547026634216,
                    -0.1974256932735443,
                    0.14079321920871735,
                    0.2815864086151123
                ],
                [
                    0.2424863576889038,
                    -0.7898730635643005,
                    0.563294529914856,
                    1.1265889406204224
                ],
                [
                    -2.3568199836176973e-08,
                    0.5806233286857605,
                    0.8141723275184631,
                    1.6283446550369263
                ],
                [
                    0,
                    0,
                    0,
                    1
                ]
            ]
        },
        {
            "file_path": "013.png",
            "camera_angle_x": 0.6981317007977318,
            "transform_matrix": [
                [
                    0.9701548218727112,
                    0.21898002922534943,
                    -0.10415076464414597,
                    -0.20830149948596954
                ],
                [
                    -0.2424863576889038,
                    0.8761091828346252,
                    -0.4166930317878723,
                    -0.8333859443664551
                ],
                [
                    -8.321345390527313e-09,
                    0.4295118749141693,
                    0.9030612111091614,
                    1.8061224222183228
                ],
                [
                    0,
                    0,
                    0,
                    1
                ]
            ]
        },
        {
            "file_path": "014.png",
            "camera_angle_x": 0.6981317007977318,
            "transform_matrix": [
                [
                    -0.24248641729354858,
                    0.9623451828956604,
                    -0.12285026162862778,
                    -0.2456999272108078
                ],
                [
                    -0.9701548218727112,
                    -0.2405344545841217,
                    0.030705654993653297,
                    0.061411719769239426
                ],
                [
                    -2.778605789899302e-07,
                    0.12662947177886963,
                    0.9919500946998596,
                    1.9839001893997192
                ],
                [
                    0,
                    0,
                    0,
                    1
                ]
            ]
        }
    ]
}