{
    "aabb": [
        [
            -0.5,
            -0.5,
            -0.5
        ],
        [
            0.5,
            0.5,
            0.5
        ]
    ],
    "scale": 0.015625,
    "offset": [
        -0.4921875,
        -0.4921875,
        -0.4921875
    ],
    "frames": [
        {
            "file_path": "000.png",
            "camera_angle_x": 0.6981317007977318,
            "transform_matrix": [
                [
                    0.989193320274353,
                    -0.12158139795064926,
                    -0.08194193989038467,
                    -0.16388386487960815
                ],
                [
                    -0.14661690592765808,
                    -0.8202840685844421,
                    -0.5528450012207031,
                    -1.1056900024414062
                ],
                [
                    3.6822358495669505e-09,
                    0.5588846802711487,
                    -0.829245388507843,
                    -1.658490777015686
                ],
                [
                    0,
                    0,
                    0,
                    1
                ]
            ]
        },
        {
            "file_path": "001.png",
            "camera_angle_x": 0.6981317007977318,
            "transform_matrix": [
                [
                    -0.9891933798789978,
                    0.08248355984687805,
                    0.1212146058678627,
                    0.2424291968345642
                ],
                [
                    0.14661690592765808,
                    0.5564990639686584,
                    0.8178094625473022,
                    1.635618805885315
                ],
                [
                    1.5879749071245897e-08,
                    0.8267437815666199,
                    -0.5625787377357483,
                    -1.1251574754714966
                ],
                [
                    0,
                    0,
                    0,
                    1
                ]
            ]
        },
        {
            "file_path": "002.png",
            "camera_angle_x": 0.6981317007977318,
            "transform_matrix": [
                [
                    0.14661678671836853,
                    0.29271429777145386,
                    0.9448925852775574,
                    1.8897850513458252
                ],
                [
                    0.9891934394836426,
                    -0.043385766446590424,
                    -0.14005064964294434,
                    -0.28010138869285583
                ],
                [
                    -1.105062352735331e-08,
                    0.9552152156829834,
                    -0.2959122061729431,
                    -0.5918241739273071
                ],
                [
                    0,
                    0,
                    0,
                    1
                ]
            ]
        },
        {
            "file_path": "003.png",
            "camera_angle_x": 0.6981317007977318,
            "transform_matrix": [
                [
                    -0.1466168910264969,
                    -0.028929343447089195,
                    -0.9887703061103821,
                    -1.9775404930114746
                ],
                [
                    -0.9891934394836426,
                    0.004287704825401306,
                    0.1465541124343872,
                    0.29310837388038635
                ],
                [
                    -9.770594999736204e-08,
                    0.9995723366737366,
                    -0.02924543432891369,
                    -0.0584908202290535
                ],
                [
                    0,
                    0,
                    0,
                    1
                ]
            ]
        },
        {
            "file_path": "004.png",
            "camera_angle_x": 0.6981317007977318,
            "transform_matrix": [
                [
                    0.8031390905380249,
                    -0.04715121164917946,
                    0.5939228534698486,
                    1.1878455877304077
                ],
                [
                    0.5957915782928467,
                    0.06356074661016464,
                    -0.8006200790405273,
                    -1.6012401580810547
                ],
                [
                    1.3504255491625372e-08,
                    0.9968634843826294,
                    0.07914040982723236,
                    0.15828083455562592
                ],
                [
                    0,
                    0,
                    0,
                    1
                ]
            ]
        },
        {
            "file_path": "005.png",
            "camera_angle_x": 0.6981317007977318,
            "transform_matrix": [
                [
                    -0.8031392693519592,
                    0.10011040419340134,
                    -0.5873205661773682,
                    -1.1746411323547363
                ],
                [
                    -0.5957915186882019,
                    -0.13495099544525146,
                    0.7917201519012451,
                    1.5834401845932007
                ],
                [
                    -4.2924739318550564e-08,
                    0.9857820272445679,
                    0.1680292785167694,
                    0.3360586166381836
                ],
                [
                    0,
                    0,
                    0,
                    1
                ]
            ]
        },
        {
            "file_path": "006.png",
            "camera_angle_x": 0.6981317007977318,
            "transform_matrix": [
                [
                    -0.5957915782928467,
                    -0.20634107291698456,
                    0.7761803269386292,
                    1.5523605346679688
                ],
                [
                    0.8031392097473145,
                    -0.15306979417800903,
                    0.575792670249939,
                    1.151585340499878
                ],
                [
                    4.815680654246535e-08,
                    0.9664332270622253,
                    0.25691816210746765,
                    0.5138363838195801
                ],
                [
                    0,
                    0,
                    0,
                    1
                ]
            ]
        },
        {
            "file_path": "007.png",
            "camera_angle_x": 0.6981317007977318,
            "transform_matrix": [
                [
                    0.5957915186882019,
                    0.2777312397956848,
                    -0.753589928150177,
                    -1.5071799755096436
                ],
                [
                    -0.8031391501426697,
                    0.20602895319461823,
                    -0.5590345859527588,
                    -1.118069052696228
                ],
                [
                    7.205059660009283e-09,
                    0.9383056163787842,
                    0.34580710530281067,
                    0.6916141510009766
                ],
                [
                    0,
                    0,
                    0,
                    1
                ]
            ]
        },
        {
            "file_path": "008.png",
            "camera_angle_x": 0.6981317007977318,
            "transform_matrix": [
                [
                    0.9700033664703369,
                    -0.10567095875740051,
                    0.21892277896404266,
                    0.43784546852111816
                ],
                [
                    0.2430916279554367,
                    0.42165642976760864,
                    -0.8735631704330444,
                    -1.7471259832382202
                ],
                [
                    4.17834478128043e-09,
                    0.9005774855613708,
                    0.43469586968421936,
                    0.8693919777870178
                ],
                [
                    0,
                    0,
                    0,
                    1
                ]
            ]
        },
        {
            "file_path": "009.png",
            "camera_angle_x": 0.6981317007977318,
            "transform_matrix": [
                [
                    -0.9700034260749817,
                    0.12727904319763184,
                    -0.20710758864879608,
                    -0.4142151474952698
                ],
                [
                    -0.24309156835079193,
                    -0.5078790783882141,
                    0.8264172077178955,
                    1.6528342962265015
                ],
                [
                    -8.921146488205522e-09,
                    0.8519735932350159,
                    0.5235848426818848,
                    1.0471696853637695
                ],
                [
                    0,
                    0,
                    0,
                    1
                ]
            ]
        },
        {
            "file_path": "010.png",
            "camera_angle_x": 0.6981317007977318,
            "transform_matrix": [
                [
                    -0.24309176206588745,
                    -0.5941016674041748,
                    0.7667788863182068,
                    1.533557653427124
                ],
                [
                    0.9700034260749817,
                    -0.14888730645179749,
                    0.19216179847717285,
                    0.3843233287334442
                ],
                [
                    -6.997776580419668e-08,
                    0.790490984916687,
                    0.612473726272583,
                    1.224947452545166
                ],
                [
                    0,
                    0,
                    0,
                    1
                ]
            ]
        },
        {
            "file_path": "011.png",
            "camera_angle_x": 0.6981317007977318,
            "transform_matrix": [
                [
                    0.24309155344963074,
                    0.6803241968154907,
                    -0.6914228200912476,
                    -1.3828457593917847
                ],
                [
                    -0.9700033664703369,
                    0.17049537599086761,
                    -0.17327675223350525,
                    -0.3465535640716553
                ],
                [
                    4.3161715979067594e-08,
                    0.7128045558929443,
                    0.7013627290725708,
                    1.402725338935852
                ],
                [
                    0,
                    0,
                    0,
                    1
                ]
            ]
        },
        {
            "file_path": "012.png",
            "camera_angle_x": 0.6981317007977318,
            "transform_matrix": [
                [
                    0.5140041708946228,
                    -0.6778680682182312,
                    0.5256373286247253,
                    1.0512746572494507
                ],
                [
                    0.8577876687049866,
                    0.4061925709247589,
                    -0.31497281789779663,
                    -0.6299457550048828
                ],
                [
                    1.4967660888487444e-08,
                    0.6127825975418091,
                    0.7902515530586243,
                    1.5805031061172485
                ],
                [
                    0,
                    0,
                    0,
                    1
                ]
            ]
        },
        {
            "file_path": "013.png",
            "camera_angle_x": 0.6981317007977318,
            "transform_matrix": [
                [
                    -0.5140041708946228,
                    0.7541158199310303,
                    -0.4087896943092346,
                    -0.8175793886184692
                ],
                [
                    -0.8577876687049866,
                    -0.4518818259239197,
                    0.24495528638362885,
                    0.48991063237190247
                ],
                [
                    9.897558328475498e-10,
                    0.47656282782554626,
                    0.8791404366493225,
                    1.758280873298645
                ],
                [
                    0,
                    0,
                    0,
                    1
                ]
            ]
        },
        {
            "file_path": "014.png",
            "camera_angle_x": 0.6981317007977318,
            "transform_matrix": [
                [
                    -0.8577876091003418,
                    -0.49757120013237,
                    0.12893135845661163,
                    0.2578626871109009
                ],
                [
                    0.5140042901039124,
                    -0.8303635716438293,
                    0.21516498923301697,
                    0.43032994866371155
                ],
                [
                    -8.638842530217516e-09,
                    0.25083714723587036,
                    0.9680293202400208,
                    1.9360586404800415
                ],
                [
                    0,
                    0,
                    0,
                    1
                ]
            ]
        }
    ]
}