{
    "aabb": [
        [
            -0.5,
            -0.5,
            -0.5
        ],
        [
            0.5,
            0.5,
            0.5
        ]
    ],
    "scale": 0.015625,
    "offset": [
        -0.4921875,
        -0.4921875,
        -0.46875
    ],
    "frames": [
        {
            "file_path": "000.png",
            "camera_angle_x": 0.6981317007977318,
            "transform_matrix": [
                [
                    -0.9993657469749451,
                    0.030942458659410477,
                    0.017631560564041138,
                    0.03526311740279198
                ],
                [
                    0.03561330586671829,
                    0.8682942390441895,
                    0.49476945400238037,
                    0.9895387887954712
                ],
                [
                    -6.730790924613927e-10,
                    0.4950835108757019,
                    -0.8688454627990723,
                    -1.737690806388855
                ],
                [
                    0,
                    0,
                    0,
                    1
                ]
            ]
        },
        {
            "file_path": "001.png",
            "camera_angle_x": 0.6981317007977318,
            "transform_matrix": [
                [
                    0.9993656277656555,
                    -0.021445585414767265,
                    -0.028432296589016914,
                    -0.056864574551582336
                ],
                [
                    -0.035613320767879486,
                    -0.6017971634864807,
                    -0.7978551387786865,
                    -1.5957096815109253
                ],
                [
                    2.2628077189779106e-09,
                    0.7983615398406982,
                    -0.6021791696548462,
                    -1.2043575048446655
                ],
                [
                    0,
                    0,
                    0,
                    1
                ]
            ]
        },
        {
            "file_path": "002.png",
            "camera_angle_x": 0.6981317007977318,
            "transform_matrix": [
                [
                    -0.03561334311962128,
                    -0.3352992534637451,
                    -0.9414383172988892,
                    -1.8828766345977783
                ],
                [
                    -0.9993656277656555,
                    0.011948692612349987,
                    0.03354903683066368,
                    0.06709802895784378
                ],
                [
                    2.9149198610411986e-09,
                    0.9420359134674072,
                    -0.33551210165023804,
                    -0.6710242033004761
                ],
                [
                    0,
                    0,
                    0,
                    1
                ]
            ]
        },
        {
            "file_path": "003.png",
            "camera_angle_x": 0.6981317007977318,
            "transform_matrix": [
                [
                    0.03561323508620262,
                    0.06880175322294235,
                    0.9969945549964905,
                    1.9939889907836914
                ],
                [
                    0.9993656873703003,
                    -0.002451816573739052,
                    -0.03552879020571709,
                    -0.07105761766433716
                ],
                [
                    -4.54325892462748e-08,
                    0.9976273775100708,
                    -0.0688454732298851,
                    -0.13769085705280304
                ],
                [
                    0,
                    0,
                    0,
                    1
                ]
            ]
        },
        {
            "file_path": "004.png",
            "camera_angle_x": 0.6981317007977318,
            "transform_matrix": [
                [
                    -0.7318406701087952,
                    0.044936757534742355,
                    -0.6799926161766052,
                    -1.3599852323532104
                ],
                [
                    -0.681475818157196,
                    -0.04825786501169205,
                    0.7302478551864624,
                    1.4604957103729248
                ],
                [
                    -1.8768606224739415e-08,
                    0.9978235960006714,
                    0.06594037264585495,
                    0.13188081979751587
                ],
                [
                    0,
                    0,
                    0,
                    1
                ]
            ]
        },
        {
            "file_path": "005.png",
            "camera_angle_x": 0.6981317007977318,
            "transform_matrix": [
                [
                    0.7318406701087952,
                    -0.10551244020462036,
                    0.6732580065727234,
                    1.3465161323547363
                ],
                [
                    0.6814757585525513,
                    0.11331043392419815,
                    -0.723015546798706,
                    -1.446031093597412
                ],
                [
                    -1.4478480636626045e-08,
                    0.9879412055015564,
                    0.15482936799526215,
                    0.30965858697891235
                ],
                [
                    0,
                    0,
                    0,
                    1
                ]
            ]
        },
        {
            "file_path": "006.png",
            "camera_angle_x": 0.6981317007977318,
            "transform_matrix": [
                [
                    0.6814757585525513,
                    0.1783628761768341,
                    -0.7097728252410889,
                    -1.4195455312728882
                ],
                [
                    -0.7318406701087952,
                    0.1660880297422409,
                    -0.6609266400337219,
                    -1.3218532800674438
                ],
                [
                    1.1234682517624606e-08,
                    0.9698461294174194,
                    0.24371816217899323,
                    0.4874363839626312
                ],
                [
                    0,
                    0,
                    0,
                    1
                ]
            ]
        },
        {
            "file_path": "007.png",
            "camera_angle_x": 0.6981317007977318,
            "transform_matrix": [
                [
                    -0.6814761161804199,
                    -0.24341538548469543,
                    0.6901737451553345,
                    1.3803472518920898
                ],
                [
                    0.7318407297134399,
                    -0.22666390240192413,
                    0.6426764726638794,
                    1.2853527069091797
                ],
                [
                    1.23698526977023e-08,
                    0.9430656433105469,
                    0.3326069414615631,
                    0.6652141809463501
                ],
                [
                    0,
                    0,
                    0,
                    1
                ]
            ]
        },
        {
            "file_path": "008.png",
            "camera_angle_x": 0.6981317007977318,
            "transform_matrix": [
                [
                    -0.9369221329689026,
                    0.14732898771762848,
                    -0.31697189807891846,
                    -0.6339437961578369
                ],
                [
                    -0.34953829646110535,
                    -0.39490893483161926,
                    0.8496293425559998,
                    1.6992586851119995
                ],
                [
                    -2.814097399550519e-09,
                    0.9068303108215332,
                    0.4214959442615509,
                    0.8429919481277466
                ],
                [
                    0,
                    0,
                    0,
                    1
                ]
            ]
        },
        {
            "file_path": "009.png",
            "camera_angle_x": 0.6981317007977318,
            "transform_matrix": [
                [
                    0.9369220733642578,
                    -0.17839908599853516,
                    0.3005841374397278,
                    0.601168155670166
                ],
                [
                    0.34953832626342773,
                    0.47819074988365173,
                    -0.8057026863098145,
                    -1.6114050149917603
                ],
                [
                    -8.078913538156485e-09,
                    0.8599463105201721,
                    0.510384738445282,
                    1.020769715309143
                ],
                [
                    0,
                    0,
                    0,
                    1
                ]
            ]
        },
        {
            "file_path": "010.png",
            "camera_angle_x": 0.6981317007977318,
            "transform_matrix": [
                [
                    0.3495382070541382,
                    0.5614728927612305,
                    -0.7500475645065308,
                    -1.500095009803772
                ],
                [
                    -0.9369221925735474,
                    0.20946907997131348,
                    -0.27982082962989807,
                    -0.5596416592597961
                ],
                [
                    4.130810538072183e-08,
                    0.8005442023277283,
                    0.5992737412452698,
                    1.1985474824905396
                ],
                [
                    0,
                    0,
                    0,
                    1
                ]
            ]
        },
        {
            "file_path": "011.png",
            "camera_angle_x": 0.6981317007977318,
            "transform_matrix": [
                [
                    -0.34953853487968445,
                    -0.6447548270225525,
                    0.6797899007797241,
                    1.3595798015594482
                ],
                [
                    0.9369221329689026,
                    -0.24053940176963806,
                    0.253609836101532,
                    0.5072194933891296
                ],
                [
                    3.1226687013941046e-08,
                    0.7255565524101257,
                    0.688162624835968,
                    1.376325249671936
                ],
                [
                    0,
                    0,
                    0,
                    1
                ]
            ]
        },
        {
            "file_path": "012.png",
            "camera_angle_x": 0.6981317007977318,
            "transform_matrix": [
                [
                    -0.415343314409256,
                    0.7068564891815186,
                    -0.5725767612457275,
                    -1.1451534032821655
                ],
                [
                    -0.9096649289131165,
                    -0.3227432072162628,
                    0.26143231987953186,
                    0.522864580154419
                ],
                [
                    -7.955728165143228e-08,
                    0.6294370889663696,
                    0.7770515084266663,
                    1.5541030168533325
                ],
                [
                    0,
                    0,
                    0,
                    1
                ]
            ]
        },
        {
            "file_path": "013.png",
            "camera_angle_x": 0.6981317007977318,
            "transform_matrix": [
                [
                    0.4153429865837097,
                    -0.787715494632721,
                    0.454966276884079,
                    0.9099326133728027
                ],
                [
                    0.9096647500991821,
                    0.359662264585495,
                    -0.20773260295391083,
                    -0.4154653549194336
                ],
                [
                    6.741495184314772e-08,
                    0.5001471042633057,
                    0.8659403920173645,
                    1.731880784034729
                ],
                [
                    0,
                    0,
                    0,
                    1
                ]
            ]
        },
        {
            "file_path": "014.png",
            "camera_angle_x": 0.6981317007977318,
            "transform_matrix": [
                [
                    0.9096648693084717,
                    0.3965817093849182,
                    -0.12342122197151184,
                    -0.2468424290418625
                ],
                [
                    -0.4153430461883545,
                    0.8685746192932129,
                    -0.2703114151954651,
                    -0.5406226515769958
                ],
                [
                    -2.332839255103636e-09,
                    0.2971549332141876,
                    0.9548292756080627,
                    1.9096585512161255
                ],
                [
                    0,
                    0,
                    0,
                    1
                ]
            ]
        }
    ]
}