{
    "aabb": [
        [
            -0.5,
            -0.5,
            -0.5
        ],
        [
            0.5,
            0.5,
            0.5
        ]
    ],
    "scale": 0.015625,
    "offset": [
        -0.4921875,
        -0.4921875,
        -0.4921875
    ],
    "frames": [
        {
            "file_path": "000.png",
            "camera_angle_x": 0.6981317007977318,
            "transform_matrix": [
                [
                    0.4437141418457031,
                    0.8102436661720276,
                    0.3829141855239868,
                    0.7658282518386841
                ],
                [
                    0.8961685299873352,
                    -0.40117117762565613,
                    -0.18958990275859833,
                    -0.37917980551719666
                ],
                [
                    3.247470914402584e-08,
                    0.4272793233394623,
                    -0.9041202068328857,
                    -1.808239459991455
                ],
                [
                    0,
                    0,
                    0,
                    1
                ]
            ]
        },
        {
            "file_path": "001.png",
            "camera_angle_x": 0.6981317007977318,
            "transform_matrix": [
                [
                    -0.4437141716480255,
                    -0.5712652802467346,
                    -0.6904881000518799,
                    -1.3809760808944702
                ],
                [
                    -0.8961684107780457,
                    0.2828468978404999,
                    0.3418769836425781,
                    0.6837540864944458
                ],
                [
                    -2.8633401427669014e-08,
                    0.7704892158508301,
                    -0.637453019618988,
                    -1.274906039237976
                ],
                [
                    0,
                    0,
                    0,
                    1
                ]
            ]
        },
        {
            "file_path": "002.png",
            "camera_angle_x": 0.6981317007977318,
            "transform_matrix": [
                [
                    -0.8961684107780457,
                    0.164523184299469,
                    0.4120855927467346,
                    0.8241710066795349
                ],
                [
                    0.44371435046195984,
                    0.33228686451911926,
                    0.8322878479957581,
                    1.6645755767822266
                ],
                [
                    6.000172803055648e-09,
                    0.9287182688713074,
                    -0.3707863390445709,
                    -0.7415727376937866
                ],
                [
                    0,
                    0,
                    0,
                    1
                ]
            ]
        },
        {
            "file_path": "003.png",
            "camera_angle_x": 0.6981317007977318,
            "transform_matrix": [
                [
                    0.8961682915687561,
                    -0.046199388802051544,
                    -0.4413025975227356,
                    -0.8826051354408264
                ],
                [
                    -0.4437142610549927,
                    -0.09330884367227554,
                    -0.891297459602356,
                    -1.782594919204712
                ],
                [
                    -2.662179277024279e-08,
                    0.9945647716522217,
                    -0.10411975532770157,
                    -0.20823940634727478
                ],
                [
                    0,
                    0,
                    0,
                    1
                ]
            ]
        },
        {
            "file_path": "004.png",
            "camera_angle_x": 0.6981317007977318,
            "transform_matrix": [
                [
                    -0.31993359327316284,
                    -0.05133458971977234,
                    0.9460484981536865,
                    1.8920966386795044
                ],
                [
                    0.9474402666091919,
                    -0.01733499765396118,
                    0.31946343183517456,
                    0.6389267444610596
                ],
                [
                    3.500531420286279e-08,
                    0.9985312819480896,
                    0.05418222397565842,
                    0.10836464166641235
                ],
                [
                    0,
                    0,
                    0,
                    1
                ]
            ]
        },
        {
            "file_path": "005.png",
            "camera_angle_x": 0.6981317007977318,
            "transform_matrix": [
                [
                    0.31993308663368225,
                    0.13555137813091278,
                    -0.9376934170722961,
                    -1.875386357307434
                ],
                [
                    -0.9474403262138367,
                    0.0457729771733284,
                    -0.3166419565677643,
                    -0.6332839727401733
                ],
                [
                    -2.1608506983739062e-08,
                    0.989712655544281,
                    0.14307095110416412,
                    0.28614240884780884
                ],
                [
                    0,
                    0,
                    0,
                    1
                ]
            ]
        },
        {
            "file_path": "006.png",
            "camera_angle_x": 0.6981317007977318,
            "transform_matrix": [
                [
                    -0.9474401473999023,
                    0.0742117390036583,
                    -0.31120726466178894,
                    -0.6224144697189331
                ],
                [
                    -0.31993335485458374,
                    -0.21976828575134277,
                    0.9215989708900452,
                    1.8431978225708008
                ],
                [
                    -7.475696506276108e-09,
                    0.9727253913879395,
                    0.2319599688053131,
                    0.4639202058315277
                ],
                [
                    0,
                    0,
                    0,
                    1
                ]
            ]
        },
        {
            "file_path": "007.png",
            "camera_angle_x": 0.6981317007977318,
            "transform_matrix": [
                [
                    0.9474400877952576,
                    -0.10265029221773148,
                    0.30301856994628906,
                    0.6060371398925781
                ],
                [
                    0.31993332505226135,
                    0.30398523807525635,
                    -0.8973492383956909,
                    -1.7946984767913818
                ],
                [
                    -1.1370184793690896e-08,
                    0.9471303820610046,
                    0.3208490312099457,
                    0.6416980028152466
                ],
                [
                    0,
                    0,
                    0,
                    1
                ]
            ]
        },
        {
            "file_path": "008.png",
            "camera_angle_x": 0.6981317007977318,
            "transform_matrix": [
                [
                    0.06698969006538391,
                    -0.40881747007369995,
                    0.9101542830467224,
                    1.8203083276748657
                ],
                [
                    0.9977537393569946,
                    0.027448227629065514,
                    -0.06110825389623642,
                    -0.12221656739711761
                ],
                [
                    -6.451676881624735e-08,
                    0.9122033715248108,
                    0.40973782539367676,
                    0.8194757699966431
                ],
                [
                    0,
                    0,
                    0,
                    1
                ]
            ]
        },
        {
            "file_path": "009.png",
            "camera_angle_x": 0.6981317007977318,
            "transform_matrix": [
                [
                    -0.0669899433851242,
                    0.497506707906723,
                    -0.8648697137832642,
                    -1.7297393083572388
                ],
                [
                    -0.9977537393569946,
                    -0.03340304270386696,
                    0.058067917823791504,
                    0.11613570898771286
                ],
                [
                    -2.1827577967314937e-08,
                    0.8668168783187866,
                    0.498626708984375,
                    0.9972535371780396
                ],
                [
                    0,
                    0,
                    0,
                    1
                ]
            ]
        },
        {
            "file_path": "010.png",
            "camera_angle_x": 0.6981317007977318,
            "transform_matrix": [
                [
                    -0.9977538585662842,
                    -0.039357542991638184,
                    0.05420897528529167,
                    0.10841795057058334
                ],
                [
                    0.06698977202177048,
                    -0.5861960649490356,
                    0.8073951005935669,
                    1.6147900819778442
                ],
                [
                    -9.354361729663196e-10,
                    0.809212863445282,
                    0.587515652179718,
                    1.175031304359436
                ],
                [
                    0,
                    0,
                    0,
                    1
                ]
            ]
        },
        {
            "file_path": "011.png",
            "camera_angle_x": 0.6981317007977318,
            "transform_matrix": [
                [
                    0.9977536797523499,
                    0.04531218484044075,
                    -0.04933999106287956,
                    -0.09867998212575912
                ],
                [
                    -0.06698976457118988,
                    0.6748851537704468,
                    -0.7348757982254028,
                    -1.4697515964508057
                ],
                [
                    -8.864116107787368e-10,
                    0.7365302443504333,
                    0.676404595375061,
                    1.3528090715408325
                ],
                [
                    0,
                    0,
                    0,
                    1
                ]
            ]
        },
        {
            "file_path": "012.png",
            "camera_angle_x": 0.6981317007977318,
            "transform_matrix": [
                [
                    -0.6581494212150574,
                    -0.5761797428131104,
                    0.4846196472644806,
                    0.969239354133606
                ],
                [
                    0.7528873085975647,
                    -0.5036774277687073,
                    0.4236386716365814,
                    0.8472773432731628
                ],
                [
                    -2.7231212840206354e-08,
                    0.643681526184082,
                    0.7652934789657593,
                    1.530586838722229
                ],
                [
                    0,
                    0,
                    0,
                    1
                ]
            ]
        },
        {
            "file_path": "013.png",
            "camera_angle_x": 0.6981317007977318,
            "transform_matrix": [
                [
                    0.6581493616104126,
                    0.6431032419204712,
                    -0.3914816677570343,
                    -0.7829630374908447
                ],
                [
                    -0.7528875470161438,
                    0.5621795058250427,
                    -0.3422204554080963,
                    -0.6844407320022583
                ],
                [
                    -6.97831126217352e-09,
                    0.5199737548828125,
                    0.8541823029518127,
                    1.7083646059036255
                ],
                [
                    0,
                    0,
                    0,
                    1
                ]
            ]
        },
        {
            "file_path": "014.png",
            "camera_angle_x": 0.6981317007977318,
            "transform_matrix": [
                [
                    -0.7528874278068542,
                    0.6206818222999573,
                    -0.21889455616474152,
                    -0.43778902292251587
                ],
                [
                    -0.6581494808197021,
                    -0.7100264430046082,
                    0.2504035532474518,
                    0.5008068680763245
                ],
                [
                    1.6918329848181202e-08,
                    0.3325909972190857,
                    0.943071186542511,
                    1.886142373085022
                ],
                [
                    0,
                    0,
                    0,
                    1
                ]
            ]
        }
    ]
}