{
    "aabb": [
        [
            -0.5,
            -0.5,
            -0.5
        ],
        [
            0.5,
            0.5,
            0.5
        ]
    ],
    "scale": 0.015625,
    "offset": [
        -0.4921875,
        -0.4921875,
        -0.4921875
    ],
    "frames": [
        {
            "file_path": "000.png",
            "camera_angle_x": 0.6981317007977318,
            "transform_matrix": [
                [
                    -0.7727006077766418,
                    0.6268756985664368,
                    0.0998024269938469,
                    0.1996048539876938
                ],
                [
                    0.6347705721855164,
                    0.7630903124809265,
                    0.12148861587047577,
                    0.24297718703746796
                ],
                [
                    -9.70956426371572e-10,
                    0.15722598135471344,
                    -0.9875626564025879,
                    -1.9751253128051758
                ],
                [
                    0,
                    0,
                    0,
                    1
                ]
            ]
        },
        {
            "file_path": "001.png",
            "camera_angle_x": 0.6981317007977318,
            "transform_matrix": [
                [
                    0.7727005481719971,
                    -0.45760366320610046,
                    -0.43992358446121216,
                    -0.8798470497131348
                ],
                [
                    -0.6347707509994507,
                    -0.5570367574691772,
                    -0.5355149507522583,
                    -1.0710299015045166
                ],
                [
                    2.4384378960462527e-08,
                    0.6930432915687561,
                    -0.7208960056304932,
                    -1.4417920112609863
                ],
                [
                    0,
                    0,
                    0,
                    1
                ]
            ]
        },
        {
            "file_path": "002.png",
            "camera_angle_x": 0.6981317007977318,
            "transform_matrix": [
                [
                    -0.6347707509994507,
                    -0.35098329186439514,
                    -0.6883872747421265,
                    -1.3767744302749634
                ],
                [
                    -0.7727006673812866,
                    0.28833135962486267,
                    0.5655075907707214,
                    1.1310150623321533
                ],
                [
                    -4.4830294143594074e-08,
                    0.8908848762512207,
                    -0.4542293846607208,
                    -0.9084586501121521
                ],
                [
                    0,
                    0,
                    0,
                    1
                ]
            ]
        },
        {
            "file_path": "003.png",
            "camera_angle_x": 0.6981317007977318,
            "transform_matrix": [
                [
                    0.6347706317901611,
                    0.1449296772480011,
                    0.7589872479438782,
                    1.5179743766784668
                ],
                [
                    0.7727006077766418,
                    -0.11905936151742935,
                    -0.6235052347183228,
                    -1.247010350227356
                ],
                [
                    7.505505550398084e-08,
                    0.9822527170181274,
                    -0.18756265938282013,
                    -0.37512531876564026
                ],
                [
                    0,
                    0,
                    0,
                    1
                ]
            ]
        },
        {
            "file_path": "004.png",
            "camera_angle_x": 0.6981317007977318,
            "transform_matrix": [
                [
                    -0.9952325820922852,
                    0.002571699908003211,
                    -0.09749727696180344,
                    -0.19499456882476807
                ],
                [
                    -0.09753119200468063,
                    -0.026242343708872795,
                    0.9948865175247192,
                    1.989772915840149
                ],
                [
                    -1.086899903413041e-09,
                    0.9996523857116699,
                    0.026367921382188797,
                    0.052736006677150726
                ],
                [
                    0,
                    0,
                    0,
                    1
                ]
            ]
        },
        {
            "file_path": "005.png",
            "camera_angle_x": 0.6981317007977318,
            "transform_matrix": [
                [
                    0.9952324628829956,
                    -0.011241131462156773,
                    0.09688123315572739,
                    0.19376243650913239
                ],
                [
                    0.09753120690584183,
                    0.11470730602741241,
                    -0.9886000156402588,
                    -1.977199912071228
                ],
                [
                    -7.195826157158081e-09,
                    0.9933357834815979,
                    0.11525679379701614,
                    0.2305137813091278
                ],
                [
                    0,
                    0,
                    0,
                    1
                ]
            ]
        },
        {
            "file_path": "006.png",
            "camera_angle_x": 0.6981317007977318,
            "transform_matrix": [
                [
                    0.0975312739610672,
                    0.2031724900007248,
                    -0.9742733836174011,
                    -1.9485467672348022
                ],
                [
                    -0.9952324628829956,
                    0.019910594448447227,
                    -0.09547731280326843,
                    -0.19095447659492493
                ],
                [
                    -1.626098367069062e-09,
                    0.978940486907959,
                    0.20414575934410095,
                    0.4082915484905243
                ],
                [
                    0,
                    0,
                    0,
                    1
                ]
            ]
        },
        {
            "file_path": "007.png",
            "camera_angle_x": 0.6981317007977318,
            "transform_matrix": [
                [
                    -0.0975312814116478,
                    -0.2916376292705536,
                    0.9515435695648193,
                    1.9030871391296387
                ],
                [
                    0.9952325224876404,
                    -0.028580134734511375,
                    0.09324978291988373,
                    0.18649950623512268
                ],
                [
                    6.548591358068734e-08,
                    0.9561018347740173,
                    0.2930346429347992,
                    0.5860693454742432
                ],
                [
                    0,
                    0,
                    0,
                    1
                ]
            ]
        },
        {
            "file_path": "008.png",
            "camera_angle_x": 0.6981317007977318,
            "transform_matrix": [
                [
                    -0.9567985534667969,
                    -0.11104501038789749,
                    0.2687111794948578,
                    0.5374222993850708
                ],
                [
                    0.29075193405151367,
                    -0.36542385816574097,
                    0.8842673897743225,
                    1.7685346603393555
                ],
                [
                    -1.534794336066625e-08,
                    0.9241939783096313,
                    0.38192346692085266,
                    0.7638471126556396
                ],
                [
                    0,
                    0,
                    0,
                    1
                ]
            ]
        },
        {
            "file_path": "009.png",
            "camera_angle_x": 0.6981317007977318,
            "transform_matrix": [
                [
                    0.9567984938621521,
                    0.13688965141773224,
                    -0.25651103258132935,
                    -0.5130220651626587
                ],
                [
                    -0.29075193405151367,
                    0.4504726827144623,
                    -0.8441194891929626,
                    -1.6882389783859253
                ],
                [
                    4.1126106964384235e-09,
                    0.8822333216667175,
                    0.47081249952316284,
                    0.9416248798370361
                ],
                [
                    0,
                    0,
                    0,
                    1
                ]
            ]
        },
        {
            "file_path": "010.png",
            "camera_angle_x": 0.6981317007977318,
            "transform_matrix": [
                [
                    -0.29075199365615845,
                    0.5355215072631836,
                    -0.7928937077522278,
                    -1.585787057876587
                ],
                [
                    -0.9567986726760864,
                    -0.16273432970046997,
                    0.24094443023204803,
                    0.48188894987106323
                ],
                [
                    2.1267066330210582e-08,
                    0.8286945223808289,
                    0.5597012639045715,
                    1.1194026470184326
                ],
                [
                    0,
                    0,
                    0,
                    1
                ]
            ]
        },
        {
            "file_path": "011.png",
            "camera_angle_x": 0.6981317007977318,
            "transform_matrix": [
                [
                    0.2907519042491913,
                    -0.6205701231956482,
                    0.7282554507255554,
                    1.4565109014511108
                ],
                [
                    0.9567984938621521,
                    0.18857884407043457,
                    -0.22130224108695984,
                    -0.44260451197624207
                ],
                [
                    -9.325553662620223e-09,
                    0.7611377835273743,
                    0.6485902070999146,
                    1.297180414199829
                ],
                [
                    0,
                    0,
                    0,
                    1
                ]
            ]
        },
        {
            "file_path": "012.png",
            "camera_angle_x": 0.6981317007977318,
            "transform_matrix": [
                [
                    -0.8821514844894409,
                    0.34732764959335327,
                    -0.31807631254196167,
                    -0.6361526250839233
                ],
                [
                    -0.47096607089042664,
                    -0.6505683660507202,
                    0.5957784652709961,
                    1.1915569305419922
                ],
                [
                    -3.4822885908170065e-08,
                    0.675369918346405,
                    0.7374791502952576,
                    1.4749581813812256
                ],
                [
                    0,
                    0,
                    0,
                    1
                ]
            ]
        },
        {
            "file_path": "013.png",
            "camera_angle_x": 0.6981317007977318,
            "transform_matrix": [
                [
                    0.8821513056755066,
                    -0.38919129967689514,
                    0.26521536707878113,
                    0.5304306745529175
                ],
                [
                    0.47096607089042664,
                    0.728981614112854,
                    -0.4967663288116455,
                    -0.9935325980186462
                ],
                [
                    4.2224854723826866e-09,
                    0.5631304979324341,
                    0.826367974281311,
                    1.652735948562622
                ],
                [
                    0,
                    0,
                    0,
                    1
                ]
            ]
        },
        {
            "file_path": "014.png",
            "camera_angle_x": 0.6981317007977318,
            "transform_matrix": [
                [
                    0.4709659218788147,
                    0.8073952198028564,
                    -0.3553929030895233,
                    -0.7107858657836914
                ],
                [
                    -0.8821514248847961,
                    0.43105483055114746,
                    -0.18973836302757263,
                    -0.3794768750667572
                ],
                [
                    2.4715554047816113e-09,
                    0.40287065505981445,
                    0.915256917476654,
                    1.830513834953308
                ],
                [
                    0,
                    0,
                    0,
                    1
                ]
            ]
        }
    ]
}