{
    "aabb": [
        [
            -0.5,
            -0.5,
            -0.5
        ],
        [
            0.5,
            0.5,
            0.5
        ]
    ],
    "scale": 0.015625,
    "offset": [
        -0.4921875,
        -0.4921875,
        -0.46875
    ],
    "frames": [
        {
            "file_path": "000.png",
            "camera_angle_x": 0.6981317007977318,
            "transform_matrix": [
                [
                    -0.9912281036376953,
                    -0.10201825201511383,
                    -0.08401773869991302,
                    -0.16803549230098724
                ],
                [
                    -0.13216166198253632,
                    0.7651490569114685,
                    0.6301429867744446,
                    1.2602860927581787
                ],
                [
                    4.181591961582853e-09,
                    0.6357194185256958,
                    -0.7719201445579529,
                    -1.5438404083251953
                ],
                [
                    0,
                    0,
                    0,
                    1
                ]
            ]
        },
        {
            "file_path": "001.png",
            "camera_angle_x": 0.6981317007977318,
            "transform_matrix": [
                [
                    0.9912281632423401,
                    0.06677515059709549,
                    0.1140516996383667,
                    0.228103369474411
                ],
                [
                    0.1321616917848587,
                    -0.5008214712142944,
                    -0.8554010987281799,
                    -1.7108021974563599
                ],
                [
                    3.178086238619926e-09,
                    0.8629709482192993,
                    -0.5052534341812134,
                    -1.0105071067810059
                ],
                [
                    0,
                    0,
                    0,
                    1
                ]
            ]
        },
        {
            "file_path": "002.png",
            "camera_angle_x": 0.6981317007977318,
            "transform_matrix": [
                [
                    0.13216155767440796,
                    -0.2364940643310547,
                    -0.9626027941703796,
                    -1.9252053499221802
                ],
                [
                    -0.9912283420562744,
                    -0.03153228014707565,
                    -0.12834502756595612,
                    -0.25668999552726746
                ],
                [
                    -7.004058488746523e-08,
                    0.9711213111877441,
                    -0.23858708143234253,
                    -0.47717374563217163
                ],
                [
                    0,
                    0,
                    0,
                    1
                ]
            ]
        },
        {
            "file_path": "003.png",
            "camera_angle_x": 0.6981317007977318,
            "transform_matrix": [
                [
                    -0.13216166198253632,
                    -0.009277881123125553,
                    0.9911847114562988,
                    1.9823695421218872
                ],
                [
                    0.9912281632423401,
                    -0.0012370343320071697,
                    0.1321559101343155,
                    0.2643117606639862
                ],
                [
                    3.4461510978189835e-08,
                    0.9999561905860901,
                    0.009360021911561489,
                    0.0187198668718338
                ],
                [
                    0,
                    0,
                    0,
                    1
                ]
            ]
        },
        {
            "file_path": "004.png",
            "camera_angle_x": 0.6981317007977318,
            "transform_matrix": [
                [
                    -0.6074519753456116,
                    0.07804464548826218,
                    -0.7905135154724121,
                    -1.5810267925262451
                ],
                [
                    -0.7943567037582397,
                    -0.05968166142702103,
                    0.6045128703117371,
                    1.2090256214141846
                ],
                [
                    -4.475140258364263e-08,
                    0.9951620101928711,
                    0.09824876487255096,
                    0.19649764895439148
                ],
                [
                    0,
                    0,
                    0,
                    1
                ]
            ]
        },
        {
            "file_path": "005.png",
            "camera_angle_x": 0.6981317007977318,
            "transform_matrix": [
                [
                    0.6074517369270325,
                    -0.1486540585756302,
                    0.7803232669830322,
                    1.560646414756775
                ],
                [
                    0.794356644153595,
                    0.11367703974246979,
                    -0.5967203378677368,
                    -1.1934406757354736
                ],
                [
                    3.074397625368874e-08,
                    0.9823337197303772,
                    0.187137633562088,
                    0.37427541613578796
                ],
                [
                    0,
                    0,
                    0,
                    1
                ]
            ]
        },
        {
            "file_path": "006.png",
            "camera_angle_x": 0.6981317007977318,
            "transform_matrix": [
                [
                    0.7943565845489502,
                    0.16767282783985138,
                    -0.583852231502533,
                    -1.167704463005066
                ],
                [
                    -0.6074517369270325,
                    0.21926352381706238,
                    -0.7634958028793335,
                    -1.526991605758667
                ],
                [
                    -9.46444345117925e-09,
                    0.9611499905586243,
                    0.27602657675743103,
                    0.5520532131195068
                ],
                [
                    0,
                    0,
                    0,
                    1
                ]
            ]
        },
        {
            "file_path": "007.png",
            "camera_angle_x": 0.6981317007977318,
            "transform_matrix": [
                [
                    -0.794356644153595,
                    -0.2216685563325882,
                    0.5655621886253357,
                    1.131124496459961
                ],
                [
                    0.6074516773223877,
                    -0.2898731231689453,
                    0.7395783066749573,
                    1.479156494140625
                ],
                [
                    2.590005721003763e-08,
                    0.9310406446456909,
                    0.3649155795574188,
                    0.7298309803009033
                ],
                [
                    0,
                    0,
                    0,
                    1
                ]
            ]
        },
        {
            "file_path": "008.png",
            "camera_angle_x": 0.6981317007977318,
            "transform_matrix": [
                [
                    -0.8651993870735168,
                    0.22755023837089539,
                    -0.4468231797218323,
                    -0.8936464190483093
                ],
                [
                    -0.5014280676841736,
                    -0.39263132214546204,
                    0.7709802985191345,
                    1.541960597038269
                ],
                [
                    -5.823233450996668e-09,
                    0.8911013603210449,
                    0.4538043737411499,
                    0.9076087474822998
                ],
                [
                    0,
                    0,
                    0,
                    1
                ]
            ]
        },
        {
            "file_path": "009.png",
            "camera_angle_x": 0.6981317007977318,
            "transform_matrix": [
                [
                    0.8651993274688721,
                    -0.2721216678619385,
                    0.42116498947143555,
                    0.8423299193382263
                ],
                [
                    0.5014281272888184,
                    0.4695378541946411,
                    -0.7267076969146729,
                    -1.4534153938293457
                ],
                [
                    -6.406668973113483e-09,
                    0.8399309515953064,
                    0.5426932573318481,
                    1.0853865146636963
                ],
                [
                    0,
                    0,
                    0,
                    1
                ]
            ]
        },
        {
            "file_path": "010.png",
            "camera_angle_x": 0.6981317007977318,
            "transform_matrix": [
                [
                    0.5014281272888184,
                    0.5464443564414978,
                    -0.6707967519760132,
                    -1.341593623161316
                ],
                [
                    -0.8651992678642273,
                    0.3166930675506592,
                    -0.3887616991996765,
                    -0.7775233387947083
                ],
                [
                    1.334165844468771e-08,
                    0.7753089666366577,
                    0.6315821409225464,
                    1.2631642818450928
                ],
                [
                    0,
                    0,
                    0,
                    1
                ]
            ]
        },
        {
            "file_path": "011.png",
            "camera_angle_x": 0.6981317007977318,
            "transform_matrix": [
                [
                    -0.5014281272888184,
                    -0.6233511567115784,
                    0.6000028848648071,
                    1.2000055313110352
                ],
                [
                    0.8651994466781616,
                    -0.3612644374370575,
                    0.3477328419685364,
                    0.6954656839370728
                ],
                [
                    -3.215787813815041e-08,
                    0.6934850811958313,
                    0.7204710245132446,
                    1.4409420490264893
                ],
                [
                    0,
                    0,
                    0,
                    1
                ]
            ]
        },
        {
            "file_path": "012.png",
            "camera_angle_x": 0.6981317007977318,
            "transform_matrix": [
                [
                    -0.2572251260280609,
                    0.7821261882781982,
                    -0.567550778388977,
                    -1.135101556777954
                ],
                [
                    -0.9663515090942383,
                    -0.20818769931793213,
                    0.15107163786888123,
                    0.30214330554008484
                ],
                [
                    2.2847519431934415e-09,
                    0.5873129367828369,
                    0.8093599081039429,
                    1.6187198162078857
                ],
                [
                    0,
                    0,
                    0,
                    1
                ]
            ]
        },
        {
            "file_path": "013.png",
            "camera_angle_x": 0.6981317007977318,
            "transform_matrix": [
                [
                    0.25722506642341614,
                    -0.8680242896080017,
                    0.42469921708106995,
                    0.8493983745574951
                ],
                [
                    0.9663516879081726,
                    0.23105211555957794,
                    -0.11304715275764465,
                    -0.2260943353176117
                ],
                [
                    -6.72989202143981e-08,
                    0.4394872784614563,
                    0.8982488512992859,
                    1.7964977025985718
                ],
                [
                    0,
                    0,
                    0,
                    1
                ]
            ]
        },
        {
            "file_path": "014.png",
            "camera_angle_x": 0.6981317007977318,
            "transform_matrix": [
                [
                    0.9663515090942383,
                    0.2539166510105133,
                    -0.04112318903207779,
                    -0.0822463259100914
                ],
                [
                    -0.2572251558303833,
                    0.9539219737052917,
                    -0.15449295938014984,
                    -0.3089855909347534
                ],
                [
                    -1.8615487817896792e-08,
                    0.15987242758274078,
                    0.9871376752853394,
                    1.9742754697799683
                ],
                [
                    0,
                    0,
                    0,
                    1
                ]
            ]
        }
    ]
}