{
    "aabb": [
        [
            -0.5,
            -0.5,
            -0.5
        ],
        [
            0.5,
            0.5,
            0.5
        ]
    ],
    "scale": 0.015625,
    "offset": [
        -0.4921875,
        -0.4921875,
        -0.4921875
    ],
    "frames": [
        {
            "file_path": "000.png",
            "camera_angle_x": 0.6981317007977318,
            "transform_matrix": [
                [
                    0.9842334389686584,
                    -0.14564402401447296,
                    -0.10036104172468185,
                    -0.2007220834493637
                ],
                [
                    -0.1768743097782135,
                    -0.8104496002197266,
                    -0.5584683418273926,
                    -1.1169365644454956
                ],
                [
                    1.3865653514244514e-08,
                    0.5674145221710205,
                    -0.8234322667121887,
                    -1.646864652633667
                ],
                [
                    0,
                    0,
                    0,
                    1
                ]
            ]
        },
        {
            "file_path": "001.png",
            "camera_angle_x": 0.6981317007977318,
            "transform_matrix": [
                [
                    -0.9842339158058167,
                    0.0984775722026825,
                    0.14692416787147522,
                    0.2938482463359833
                ],
                [
                    0.17687436938285828,
                    0.547987163066864,
                    0.817573070526123,
                    1.6351455450057983
                ],
                [
                    1.1424678980631597e-08,
                    0.8306698799133301,
                    -0.5567659139633179,
                    -1.1135313510894775
                ],
                [
                    0,
                    0,
                    0,
                    1
                ]
            ]
        },
        {
            "file_path": "002.png",
            "camera_angle_x": 0.6981317007977318,
            "transform_matrix": [
                [
                    0.17687414586544037,
                    0.2855251729488373,
                    0.9419081807136536,
                    1.8838162422180176
                ],
                [
                    0.984233558177948,
                    -0.05131104961037636,
                    -0.16926808655261993,
                    -0.33853626251220703
                ],
                [
                    -8.70733387614564e-08,
                    0.956996738910675,
                    -0.2900990843772888,
                    -0.5801980495452881
                ],
                [
                    0,
                    0,
                    0,
                    1
                ]
            ]
        },
        {
            "file_path": "003.png",
            "camera_angle_x": 0.6981317007977318,
            "transform_matrix": [
                [
                    -0.17687438428401947,
                    -0.023062855005264282,
                    -0.9839632511138916,
                    -1.9679263830184937
                ],
                [
                    -0.9842334389686584,
                    0.004144518636167049,
                    0.17682579159736633,
                    0.3536514937877655
                ],
                [
                    -2.6627667182310688e-08,
                    0.9997254610061646,
                    -0.023432325571775436,
                    -0.04686470702290535
                ],
                [
                    0,
                    0,
                    0,
                    1
                ]
            ]
        },
        {
            "file_path": "004.png",
            "camera_angle_x": 0.6981317007977318,
            "transform_matrix": [
                [
                    0.8210271596908569,
                    -0.04628657177090645,
                    0.5690096020698547,
                    1.1380192041397095
                ],
                [
                    0.5708891153335571,
                    0.06656717509031296,
                    -0.8183242082595825,
                    -1.6366482973098755
                ],
                [
                    1.8237273025079048e-08,
                    0.9967078566551208,
                    0.0810779482126236,
                    0.16215620934963226
                ],
                [
                    0,
                    0,
                    0,
                    1
                ]
            ]
        },
        {
            "file_path": "005.png",
            "camera_angle_x": 0.6981317007977318,
            "transform_matrix": [
                [
                    -0.8210272192955017,
                    0.09703227132558823,
                    -0.5625825524330139,
                    -1.1251651048660278
                ],
                [
                    -0.5708891153335571,
                    -0.13954754173755646,
                    0.8090810179710388,
                    1.6181620359420776
                ],
                [
                    -3.40532473330768e-08,
                    0.9854497909545898,
                    0.16996696591377258,
                    0.33993399143218994
                ],
                [
                    0,
                    0,
                    0,
                    1
                ]
            ]
        },
        {
            "file_path": "006.png",
            "camera_angle_x": 0.6981317007977318,
            "transform_matrix": [
                [
                    -0.5708890557289124,
                    -0.21252770721912384,
                    0.7930432558059692,
                    1.5860865116119385
                ],
                [
                    0.8210271596908569,
                    -0.1477779895067215,
                    0.551430881023407,
                    1.102861762046814
                ],
                [
                    2.1826082274856162e-08,
                    0.9659159183502197,
                    0.2588559091091156,
                    0.5177117586135864
                ],
                [
                    0,
                    0,
                    0,
                    1
                ]
            ]
        },
        {
            "file_path": "007.png",
            "camera_angle_x": 0.6981317007977318,
            "transform_matrix": [
                [
                    0.5708889365196228,
                    0.2855079472064972,
                    -0.7697864174842834,
                    -1.5395724773406982
                ],
                [
                    -0.8210273385047913,
                    0.19852353632450104,
                    -0.535259485244751,
                    -1.070518970489502
                ],
                [
                    -1.7630696902415366e-08,
                    0.9375893473625183,
                    0.3477446734905243,
                    0.6954895257949829
                ],
                [
                    0,
                    0,
                    0,
                    1
                ]
            ]
        },
        {
            "file_path": "008.png",
            "camera_angle_x": 0.6981317007977318,
            "transform_matrix": [
                [
                    0.9769999980926514,
                    -0.0931074470281601,
                    0.19183845818042755,
                    0.3836769163608551
                ],
                [
                    0.21323928236961365,
                    0.42659103870391846,
                    -0.8789477348327637,
                    -1.7578953504562378
                ],
                [
                    4.2793382171169014e-09,
                    0.8996394276618958,
                    0.4366336166858673,
                    0.8732672929763794
                ],
                [
                    0,
                    0,
                    0,
                    1
                ]
            ]
        },
        {
            "file_path": "009.png",
            "camera_angle_x": 0.6981317007977318,
            "transform_matrix": [
                [
                    -0.9770000576972961,
                    0.11206206679344177,
                    -0.18141965568065643,
                    -0.3628392815589905
                ],
                [
                    -0.21323929727077484,
                    -0.5134355425834656,
                    0.8312117457389832,
                    1.6624234914779663
                ],
                [
                    8.711879218026297e-09,
                    0.8507797122001648,
                    0.5255225300788879,
                    1.0510450601577759
                ],
                [
                    0,
                    0,
                    0,
                    1
                ]
            ]
        },
        {
            "file_path": "010.png",
            "camera_angle_x": 0.6981317007977318,
            "transform_matrix": [
                [
                    -0.21323926746845245,
                    -0.6002799868583679,
                    0.7708390951156616,
                    1.5416783094406128
                ],
                [
                    0.9769999980926514,
                    -0.13101662695407867,
                    0.16824276745319366,
                    0.33648550510406494
                ],
                [
                    -2.7246940703662403e-08,
                    0.7889857888221741,
                    0.614411473274231,
                    1.2288228273391724
                ],
                [
                    0,
                    0,
                    0,
                    1
                ]
            ]
        },
        {
            "file_path": "011.png",
            "camera_angle_x": 0.6981317007977318,
            "transform_matrix": [
                [
                    0.21323911845684052,
                    0.687124490737915,
                    -0.6945425271987915,
                    -1.3890846967697144
                ],
                [
                    -0.9770001769065857,
                    0.14997106790542603,
                    -0.15159031748771667,
                    -0.3031805455684662
                ],
                [
                    -1.1070753203057393e-08,
                    0.7108930349349976,
                    0.7033002376556396,
                    1.4066005945205688
                ],
                [
                    0,
                    0,
                    0,
                    1
                ]
            ]
        },
        {
            "file_path": "012.png",
            "camera_angle_x": 0.6981317007977318,
            "transform_matrix": [
                [
                    0.54006028175354,
                    -0.6667273640632629,
                    0.5136239528656006,
                    1.0272479057312012
                ],
                [
                    0.8416263461112976,
                    0.42782989144325256,
                    -0.32958561182022095,
                    -0.6591712832450867
                ],
                [
                    3.473311949164781e-08,
                    0.6102755665779114,
                    0.7921891808509827,
                    1.5843784809112549
                ],
                [
                    0,
                    0,
                    0,
                    1
                ]
            ]
        },
        {
            "file_path": "013.png",
            "camera_angle_x": 0.6981317007977318,
            "transform_matrix": [
                [
                    -0.5400607585906982,
                    0.7415386438369751,
                    -0.3980647623538971,
                    -0.7961292862892151
                ],
                [
                    -0.8416264653205872,
                    -0.4758357107639313,
                    0.2554328739643097,
                    0.5108655691146851
                ],
                [
                    -6.090962401117395e-09,
                    0.4729709327220917,
                    0.8810780644416809,
                    1.7621562480926514
                ],
                [
                    0,
                    0,
                    0,
                    1
                ]
            ]
        },
        {
            "file_path": "014.png",
            "camera_angle_x": 0.6981317007977318,
            "transform_matrix": [
                [
                    -0.8416262865066528,
                    -0.5238408446311951,
                    0.1313624233007431,
                    0.2627248764038086
                ],
                [
                    0.5400604605674744,
                    -0.8163497447967529,
                    0.20471420884132385,
                    0.40942859649658203
                ],
                [
                    1.724760068100295e-08,
                    0.2432364970445633,
                    0.9699670076370239,
                    1.9399340152740479
                ],
                [
                    0,
                    0,
                    0,
                    1
                ]
            ]
        }
    ]
}