{
    "aabb": [
        [
            -0.5,
            -0.5,
            -0.5
        ],
        [
            0.5,
            0.5,
            0.5
        ]
    ],
    "scale": 0.015625,
    "offset": [
        -0.4921875,
        -0.4921875,
        -0.4765625
    ],
    "frames": [
        {
            "file_path": "000.png",
            "camera_angle_x": 0.6981317007977318,
            "transform_matrix": [
                [
                    0.3606739640235901,
                    0.8775057196617126,
                    0.3160669505596161,
                    0.6321337819099426
                ],
                [
                    0.9326921105384827,
                    -0.33933374285697937,
                    -0.12222380936145782,
                    -0.2444474995136261
                ],
                [
                    1.503745394870748e-08,
                    0.33887603878974915,
                    -0.9408315420150757,
                    -1.881662130355835
                ],
                [
                    0,
                    0,
                    0,
                    1
                ]
            ]
        },
        {
            "file_path": "001.png",
            "camera_angle_x": 0.6981317007977318,
            "transform_matrix": [
                [
                    -0.3606739640235901,
                    -0.6287877559661865,
                    -0.6888688802719116,
                    -1.3777377605438232
                ],
                [
                    -0.9326919913291931,
                    0.24315346777439117,
                    0.26638704538345337,
                    0.5327741503715515
                ],
                [
                    -2.3248485803151198e-08,
                    0.7385813593864441,
                    -0.6741644144058228,
                    -1.3483288288116455
                ],
                [
                    0,
                    0,
                    0,
                    1
                ]
            ]
        },
        {
            "file_path": "002.png",
            "camera_angle_x": 0.6981317007977318,
            "transform_matrix": [
                [
                    -0.9326919317245483,
                    0.14697383344173431,
                    0.32936978340148926,
                    0.6587395071983337
                ],
                [
                    0.36067405343055725,
                    0.38006970286369324,
                    0.8517401218414307,
                    1.7034801244735718
                ],
                [
                    2.769436235894318e-08,
                    0.9132062792778015,
                    -0.4074975848197937,
                    -0.8149954676628113
                ],
                [
                    0,
                    0,
                    0,
                    1
                ]
            ]
        },
        {
            "file_path": "003.png",
            "camera_angle_x": 0.6981317007977318,
            "transform_matrix": [
                [
                    0.9326919317245483,
                    -0.0507940798997879,
                    -0.357079416513443,
                    -0.7141587734222412
                ],
                [
                    -0.3606739938259125,
                    -0.13135194778442383,
                    -0.9233964085578918,
                    -1.8467928171157837
                ],
                [
                    -1.090315393525998e-08,
                    0.9900336265563965,
                    -0.14083100855350494,
                    -0.28166210651397705
                ],
                [
                    0,
                    0,
                    0,
                    1
                ]
            ]
        },
        {
            "file_path": "004.png",
            "camera_angle_x": 0.6981317007977318,
            "transform_matrix": [
                [
                    -0.4044777452945709,
                    -0.03836100175976753,
                    0.9137428998947144,
                    1.8274859189987183
                ],
                [
                    0.9145478010177612,
                    -0.01696593314409256,
                    0.4041218161582947,
                    0.8082435727119446
                ],
                [
                    1.825032569513496e-08,
                    0.9991198778152466,
                    0.04194536805152893,
                    0.0838904082775116
                ],
                [
                    0,
                    0,
                    0,
                    1
                ]
            ]
        },
        {
            "file_path": "005.png",
            "camera_angle_x": 0.6981317007977318,
            "transform_matrix": [
                [
                    0.40447762608528137,
                    0.11965394765138626,
                    -0.9066867828369141,
                    -1.8133732080459595
                ],
                [
                    -0.9145479798316956,
                    0.05291929468512535,
                    -0.4010009765625,
                    -0.802001953125
                ],
                [
                    -3.436247553167959e-08,
                    0.9914044141769409,
                    0.13083387911319733,
                    0.2616681754589081
                ],
                [
                    0,
                    0,
                    0,
                    1
                ]
            ]
        },
        {
            "file_path": "006.png",
            "camera_angle_x": 0.6981317007977318,
            "transform_matrix": [
                [
                    -0.9145482778549194,
                    0.08887312561273575,
                    -0.3945932984352112,
                    -0.7891865372657776
                ],
                [
                    -0.4044778048992157,
                    -0.20094767212867737,
                    0.8921985626220703,
                    1.784396767616272
                ],
                [
                    -4.399229425189333e-08,
                    0.9755624532699585,
                    0.21972304582595825,
                    0.43944597244262695
                ],
                [
                    0,
                    0,
                    0,
                    1
                ]
            ]
        },
        {
            "file_path": "007.png",
            "camera_angle_x": 0.6981317007977318,
            "transform_matrix": [
                [
                    0.914547860622406,
                    -0.12482663989067078,
                    0.3847344219684601,
                    0.7694688439369202
                ],
                [
                    0.4044777750968933,
                    0.2822403311729431,
                    -0.8699069619178772,
                    -1.7398139238357544
                ],
                [
                    -7.936930224161642e-09,
                    0.9511880874633789,
                    0.3086118698120117,
                    0.6172237396240234
                ],
                [
                    0,
                    0,
                    0,
                    1
                ]
            ]
        },
        {
            "file_path": "008.png",
            "camera_angle_x": 0.6981317007977318,
            "transform_matrix": [
                [
                    -0.023706601932644844,
                    -0.39738908410072327,
                    0.9173441529273987,
                    1.8346879482269287
                ],
                [
                    0.9997191429138184,
                    -0.00942346453666687,
                    0.02175307087600231,
                    0.04350612685084343
                ],
                [
                    -4.024983368822177e-08,
                    0.917602002620697,
                    0.397500604391098,
                    0.7950015068054199
                ],
                [
                    0,
                    0,
                    0,
                    1
                ]
            ]
        },
        {
            "file_path": "009.png",
            "camera_angle_x": 0.6981317007977318,
            "transform_matrix": [
                [
                    0.023706384003162384,
                    0.4862530529499054,
                    -0.8734965324401855,
                    -1.7469929456710815
                ],
                [
                    -0.9997190833091736,
                    0.01153052318841219,
                    -0.020713334903120995,
                    -0.041426606476306915
                ],
                [
                    4.103229400698183e-08,
                    0.8737421035766602,
                    0.4863896369934082,
                    0.9727792739868164
                ],
                [
                    0,
                    0,
                    0,
                    1
                ]
            ]
        },
        {
            "file_path": "010.png",
            "camera_angle_x": 0.6981317007977318,
            "transform_matrix": [
                [
                    -0.999718964099884,
                    0.013637798838317394,
                    -0.019390854984521866,
                    -0.03878170624375343
                ],
                [
                    -0.023706430569291115,
                    -0.575116753578186,
                    0.81772780418396,
                    1.6354553699493408
                ],
                [
                    1.1116865206162174e-09,
                    0.8179576396942139,
                    0.5752784013748169,
                    1.150557041168213
                ],
                [
                    0,
                    0,
                    0,
                    1
                ]
            ]
        },
        {
            "file_path": "011.png",
            "camera_angle_x": 0.6981317007977318,
            "transform_matrix": [
                [
                    0.999718964099884,
                    -0.01574503816664219,
                    0.017722541466355324,
                    0.035445086658000946
                ],
                [
                    0.023706426844000816,
                    0.6639807820320129,
                    -0.7473737597465515,
                    -1.494747519493103
                ],
                [
                    3.949877092068732e-10,
                    0.74758380651474,
                    0.6641674637794495,
                    1.3283348083496094
                ],
                [
                    0,
                    0,
                    0,
                    1
                ]
            ]
        },
        {
            "file_path": "012.png",
            "camera_angle_x": 0.6981317007977318,
            "transform_matrix": [
                [
                    -0.7236708998680115,
                    -0.5197180509567261,
                    0.4540851414203644,
                    0.9081702828407288
                ],
                [
                    0.6901450157165527,
                    -0.5449649095535278,
                    0.4761437177658081,
                    0.952287495136261
                ],
                [
                    1.3882212712701403e-08,
                    0.6579560041427612,
                    0.7530563473701477,
                    1.5061125755310059
                ],
                [
                    0,
                    0,
                    0,
                    1
                ]
            ]
        },
        {
            "file_path": "013.png",
            "camera_angle_x": 0.6981317007977318,
            "transform_matrix": [
                [
                    0.7236710786819458,
                    0.5810643434524536,
                    -0.3723767399787903,
                    -0.7447535395622253
                ],
                [
                    -0.6901450753211975,
                    0.6092913746833801,
                    -0.3904661238193512,
                    -0.7809323072433472
                ],
                [
                    6.650804351693296e-10,
                    0.539563000202179,
                    0.841945230960846,
                    1.683890461921692
                ],
                [
                    0,
                    0,
                    0,
                    1
                ]
            ]
        },
        {
            "file_path": "014.png",
            "camera_angle_x": 0.6981317007977318,
            "transform_matrix": [
                [
                    -0.690144956111908,
                    0.6736177206039429,
                    -0.2644598186016083,
                    -0.5289196372032166
                ],
                [
                    -0.7236710786819458,
                    -0.6424104571342468,
                    0.2522079646587372,
                    0.5044160485267639
                ],
                [
                    -1.3850929292402725e-08,
                    0.3654419779777527,
                    0.9308341145515442,
                    1.8616682291030884
                ],
                [
                    0,
                    0,
                    0,
                    1
                ]
            ]
        }
    ]
}